  0.0000000E+00  0.0000000E+00
  1.2512512E-04  9.8787840E-18
  2.5025025E-04  1.9757565E-17
  3.7537538E-04  2.9636336E-17
  5.0050049E-04  3.9515096E-17
  6.2562560E-04  4.9393840E-17
  7.5075077E-04  5.9272566E-17
  8.7587588E-04  6.9151267E-17
  1.0010010E-03  7.9029941E-17
  1.1261262E-03  8.8908582E-17
  1.2512512E-03  9.8787189E-17
  1.3763764E-03  1.0866576E-16
  1.5015015E-03  1.1854427E-16
  1.6266266E-03  1.2842275E-16
  1.7517518E-03  1.3830118E-16
  1.8768769E-03  1.4817955E-16
  2.0020020E-03  1.5805786E-16
  2.1271270E-03  1.6793610E-16
  2.2522523E-03  1.7781429E-16
  2.3773774E-03  1.8769239E-16
  2.5025024E-03  1.9757043E-16
  2.6276277E-03  2.0744839E-16
  2.7527527E-03  2.1732626E-16
  2.8778778E-03  2.2720404E-16
  3.0030031E-03  2.3708174E-16
  3.1281281E-03  2.4695934E-16
  3.2532532E-03  2.5683683E-16
  3.3783785E-03  2.6671424E-16
  3.5035035E-03  2.7659154E-16
  3.6286286E-03  2.8646871E-16
  3.7537538E-03  2.9634578E-16
  3.8788789E-03  3.0622274E-16
  4.0040039E-03  3.1609954E-16
  4.1291290E-03  3.2597626E-16
  4.2542540E-03  3.3585283E-16
  4.3793796E-03  3.4572926E-16
  4.5045046E-03  3.5560555E-16
  4.6296297E-03  3.6548172E-16
  4.7547547E-03  3.7535773E-16
  4.8798798E-03  3.8523358E-16
  5.0050048E-03  3.9510929E-16
  5.1301303E-03  4.0498482E-16
  5.2552554E-03  4.1486022E-16
  5.3803804E-03  4.2473543E-16
  5.5055055E-03  4.3461049E-16
  5.6306305E-03  4.4448536E-16
  5.7557556E-03  4.5436007E-16
  5.8808811E-03  4.6423457E-16
  6.0060062E-03  4.7410890E-16
  6.1311312E-03  4.8398303E-16
  6.2562563E-03  4.9385700E-16
  6.3813813E-03  5.0373076E-16
  6.5065064E-03  5.1360430E-16
  6.6316314E-03  5.2347764E-16
  6.7567569E-03  5.3335081E-16
  6.8818820E-03  5.4322372E-16
  7.0070070E-03  5.5309642E-16
  7.1321321E-03  5.6296891E-16
  7.2572571E-03  5.7284118E-16
  7.3823822E-03  5.8271319E-16
  7.5075077E-03  5.9258499E-16
  7.6326327E-03  6.0245658E-16
  7.7577578E-03  6.1232790E-16
  7.8828828E-03  6.2219896E-16
  8.0080079E-03  6.3206980E-16
  8.1331329E-03  6.4194038E-16
  8.2582580E-03  6.5181070E-16
  8.3833830E-03  6.6168075E-16
  8.5085081E-03  6.7155054E-16
  8.6336341E-03  6.8142006E-16
  8.7587591E-03  6.9128932E-16
  8.8838842E-03  7.0115831E-16
  9.0090092E-03  7.1102698E-16
  9.1341343E-03  7.2089539E-16
  9.2592593E-03  7.3076354E-16
  9.3843844E-03  7.4063137E-16
  9.5095094E-03  7.5049888E-16
  9.6346345E-03  7.6036612E-16
  9.7597595E-03  7.7023305E-16
  9.8848846E-03  7.8009972E-16
  1.0010010E-02  7.8996601E-16
  1.0135135E-02  7.9983204E-16
  1.0260261E-02  8.0969769E-16
  1.0385386E-02  8.1956303E-16
  1.0510511E-02  8.2942811E-16
  1.0635636E-02  8.3929276E-16
  1.0760761E-02  8.4915715E-16
  1.0885886E-02  8.5902116E-16
  1.1011011E-02  8.6888486E-16
  1.1136136E-02  8.7874819E-16
  1.1261261E-02  8.8861115E-16
  1.1386386E-02  8.9847379E-16
  1.1511511E-02  9.0833611E-16
  1.1636636E-02  9.1819801E-16
  1.1761762E-02  9.2805948E-16
  1.1886887E-02  9.3792064E-16
  1.2012012E-02  9.4778148E-16
  1.2137137E-02  9.5764190E-16
  1.2262262E-02  9.6750189E-16
  1.2387387E-02  9.7736157E-16
  1.2512513E-02  9.8722082E-16
  1.2637638E-02  9.9707965E-16
  1.2762763E-02  1.0069382E-15
  1.2887888E-02  1.0167962E-15
  1.3013013E-02  1.0266539E-15
  1.3138138E-02  1.0365111E-15
  1.3263263E-02  1.0463680E-15
  1.3388389E-02  1.0562244E-15
  1.3513514E-02  1.0660803E-15
  1.3638639E-02  1.0759359E-15
  1.3763764E-02  1.0857911E-15
  1.3888889E-02  1.0956458E-15
  1.4014014E-02  1.1055000E-15
  1.4139139E-02  1.1153538E-15
  1.4264264E-02  1.1252072E-15
  1.4389389E-02  1.1350601E-15
  1.4514514E-02  1.1449126E-15
  1.4639639E-02  1.1547647E-15
  1.4764764E-02  1.1646162E-15
  1.4889890E-02  1.1744673E-15
  1.5015015E-02  1.1843179E-15
  1.5140140E-02  1.1941681E-15
  1.5265265E-02  1.2040177E-15
  1.5390391E-02  1.2138669E-15
  1.5515516E-02  1.2237156E-15
  1.5640641E-02  1.2335638E-15
  1.5765766E-02  1.2434115E-15
  1.5890891E-02  1.2532588E-15
  1.6016016E-02  1.2631056E-15
  1.6141141E-02  1.2729518E-15
  1.6266266E-02  1.2827975E-15
  1.6391391E-02  1.2926427E-15
  1.6516516E-02  1.3024874E-15
  1.6641641E-02  1.3123315E-15
  1.6766766E-02  1.3221752E-15
  1.6891891E-02  1.3320183E-15
  1.7017016E-02  1.3418609E-15
  1.7142141E-02  1.3517029E-15
  1.7267268E-02  1.3615445E-15
  1.7392393E-02  1.3713854E-15
  1.7517518E-02  1.3812258E-15
  1.7642643E-02  1.3910657E-15
  1.7767768E-02  1.4009050E-15
  1.7892893E-02  1.4107437E-15
  1.8018018E-02  1.4205819E-15
  1.8143144E-02  1.4304196E-15
  1.8268269E-02  1.4402566E-15
  1.8393394E-02  1.4500931E-15
  1.8518519E-02  1.4599290E-15
  1.8643644E-02  1.4697644E-15
  1.8768769E-02  1.4795991E-15
  1.8893894E-02  1.4894332E-15
  1.9019019E-02  1.4992667E-15
  1.9144144E-02  1.5090997E-15
  1.9269269E-02  1.5189321E-15
  1.9394394E-02  1.5287638E-15
  1.9519519E-02  1.5385949E-15
  1.9644644E-02  1.5484255E-15
  1.9769769E-02  1.5582553E-15
  1.9894894E-02  1.5680846E-15
  2.0020019E-02  1.5779132E-15
  2.0145144E-02  1.5877412E-15
  2.0270269E-02  1.5975686E-15
  2.0395396E-02  1.6073954E-15
  2.0520521E-02  1.6172215E-15
  2.0645646E-02  1.6270470E-15
  2.0770771E-02  1.6368718E-15
  2.0895896E-02  1.6466959E-15
  2.1021022E-02  1.6565194E-15
  2.1146147E-02  1.6663423E-15
  2.1271272E-02  1.6761644E-15
  2.1396397E-02  1.6859859E-15
  2.1521522E-02  1.6958068E-15
  2.1646647E-02  1.7056269E-15
  2.1771772E-02  1.7154464E-15
  2.1896897E-02  1.7252652E-15
  2.2022022E-02  1.7350833E-15
  2.2147147E-02  1.7449007E-15
  2.2272272E-02  1.7547174E-15
  2.2397397E-02  1.7645334E-15
  2.2522522E-02  1.7743487E-15
  2.2647647E-02  1.7841633E-15
  2.2772772E-02  1.7939772E-15
  2.2897897E-02  1.8037903E-15
  2.3023022E-02  1.8136028E-15
  2.3148147E-02  1.8234146E-15
  2.3273272E-02  1.8332256E-15
  2.3398397E-02  1.8430359E-15
  2.3523524E-02  1.8528454E-15
  2.3648649E-02  1.8626543E-15
  2.3773775E-02  1.8724623E-15
  2.3898900E-02  1.8822696E-15
  2.4024025E-02  1.8920762E-15
  2.4149150E-02  1.9018818E-15
  2.4274275E-02  1.9116869E-15
  2.4399400E-02  1.9214913E-15
  2.4524525E-02  1.9312946E-15
  2.4649650E-02  1.9410975E-15
  2.4774775E-02  1.9508994E-15
  2.4899900E-02  1.9607006E-15
  2.5025025E-02  1.9705010E-15
  2.5150150E-02  1.9803006E-15
  2.5275275E-02  1.9900995E-15
  2.5400400E-02  1.9998975E-15
  2.5525525E-02  2.0096947E-15
  2.5650650E-02  2.0194913E-15
  2.5775775E-02  2.0292868E-15
  2.5900900E-02  2.0390817E-15
  2.6026025E-02  2.0488757E-15
  2.6151150E-02  2.0586689E-15
  2.6276276E-02  2.0684612E-15
  2.6401401E-02  2.0782527E-15
  2.6526526E-02  2.0880436E-15
  2.6651653E-02  2.0978334E-15
  2.6776778E-02  2.1076225E-15
  2.6901903E-02  2.1174106E-15
  2.7027028E-02  2.1271981E-15
  2.7152153E-02  2.1369845E-15
  2.7277278E-02  2.1467703E-15
  2.7402403E-02  2.1565550E-15
  2.7527528E-02  2.1663391E-15
  2.7652653E-02  2.1761221E-15
  2.7777778E-02  2.1859043E-15
  2.7902903E-02  2.1956856E-15
  2.8028028E-02  2.2054661E-15
  2.8153153E-02  2.2152457E-15
  2.8278278E-02  2.2250245E-15
  2.8403403E-02  2.2348022E-15
  2.8528528E-02  2.2445791E-15
  2.8653653E-02  2.2543551E-15
  2.8778778E-02  2.2641303E-15
  2.8903903E-02  2.2739046E-15
  2.9029028E-02  2.2836779E-15
  2.9154154E-02  2.2934503E-15
  2.9279279E-02  2.3032219E-15
  2.9404404E-02  2.3129924E-15
  2.9529529E-02  2.3227621E-15
  2.9654654E-02  2.3325307E-15
  2.9779781E-02  2.3422985E-15
  2.9904906E-02  2.3520654E-15
  3.0030031E-02  2.3618315E-15
  3.0155156E-02  2.3715963E-15
  3.0280281E-02  2.3813605E-15
  3.0405406E-02  2.3911236E-15
  3.0530531E-02  2.4008857E-15
  3.0655656E-02  2.4106469E-15
  3.0780781E-02  2.4204072E-15
  3.0905906E-02  2.4301663E-15
  3.1031031E-02  2.4399248E-15
  3.1156156E-02  2.4496820E-15
  3.1281281E-02  2.4594385E-15
  3.1406406E-02  2.4691938E-15
  3.1531531E-02  2.4789482E-15
  3.1656656E-02  2.4887016E-15
  3.1781781E-02  2.4984539E-15
  3.1906907E-02  2.5082054E-15
  3.2032032E-02  2.5179558E-15
  3.2157157E-02  2.5277051E-15
  3.2282282E-02  2.5374536E-15
  3.2407407E-02  2.5472011E-15
  3.2532532E-02  2.5569475E-15
  3.2657657E-02  2.5666928E-15
  3.2782782E-02  2.5764371E-15
  3.2907907E-02  2.5861805E-15
  3.3033032E-02  2.5959226E-15
  3.3158157E-02  2.6056639E-15
  3.3283282E-02  2.6154042E-15
  3.3408407E-02  2.6251434E-15
  3.3533532E-02  2.6348815E-15
  3.3658657E-02  2.6446185E-15
  3.3783782E-02  2.6543546E-15
  3.3908907E-02  2.6640895E-15
  3.4034032E-02  2.6738234E-15
  3.4159157E-02  2.6835562E-15
  3.4284282E-02  2.6932880E-15
  3.4409411E-02  2.7030187E-15
  3.4534536E-02  2.7127484E-15
  3.4659661E-02  2.7224768E-15
  3.4784786E-02  2.7322043E-15
  3.4909911E-02  2.7419306E-15
  3.5035037E-02  2.7516560E-15
  3.5160162E-02  2.7613801E-15
  3.5285287E-02  2.7711032E-15
  3.5410412E-02  2.7808250E-15
  3.5535537E-02  2.7905460E-15
  3.5660662E-02  2.8002657E-15
  3.5785787E-02  2.8099844E-15
  3.5910912E-02  2.8197020E-15
  3.6036037E-02  2.8294183E-15
  3.6161162E-02  2.8391335E-15
  3.6286287E-02  2.8488477E-15
  3.6411412E-02  2.8585609E-15
  3.6536537E-02  2.8682727E-15
  3.6661662E-02  2.8779833E-15
  3.6786787E-02  2.8876929E-15
  3.6911912E-02  2.8974013E-15
  3.7037037E-02  2.9071088E-15
  3.7162162E-02  2.9168147E-15
  3.7287287E-02  2.9265198E-15
  3.7412412E-02  2.9362236E-15
  3.7537538E-02  2.9459262E-15
  3.7662663E-02  2.9556277E-15
  3.7787788E-02  2.9653279E-15
  3.7912913E-02  2.9750270E-15
  3.8038038E-02  2.9847249E-15
  3.8163163E-02  2.9944218E-15
  3.8288288E-02  3.0041173E-15
  3.8413413E-02  3.0138116E-15
  3.8538538E-02  3.0235046E-15
  3.8663663E-02  3.0331966E-15
  3.8788788E-02  3.0428875E-15
  3.8913913E-02  3.0525769E-15
  3.9039038E-02  3.0622653E-15
  3.9164163E-02  3.0719524E-15
  3.9289288E-02  3.0816382E-15
  3.9414413E-02  3.0913228E-15
  3.9539538E-02  3.1010063E-15
  3.9664663E-02  3.1106885E-15
  3.9789788E-02  3.1203694E-15
  3.9914913E-02  3.1300491E-15
  4.0040039E-02  3.1397275E-15
  4.0165164E-02  3.1494047E-15
  4.0290289E-02  3.1590807E-15
  4.0415414E-02  3.1687553E-15
  4.0540539E-02  3.1784289E-15
  4.0665668E-02  3.1881009E-15
  4.0790793E-02  3.1977719E-15
  4.0915918E-02  3.2074417E-15
  4.1041043E-02  3.2171099E-15
  4.1166168E-02  3.2267771E-15
  4.1291293E-02  3.2364428E-15
  4.1416418E-02  3.2461072E-15
  4.1541543E-02  3.2557706E-15
  4.1666668E-02  3.2654325E-15
  4.1791793E-02  3.2750931E-15
  4.1916918E-02  3.2847525E-15
  4.2042043E-02  3.2944103E-15
  4.2167168E-02  3.3040672E-15
  4.2292293E-02  3.3137225E-15
  4.2417418E-02  3.3233765E-15
  4.2542543E-02  3.3330293E-15
  4.2667668E-02  3.3426808E-15
  4.2792793E-02  3.3523309E-15
  4.2917918E-02  3.3619796E-15
  4.3043043E-02  3.3716271E-15
  4.3168169E-02  3.3812732E-15
  4.3293294E-02  3.3909179E-15
  4.3418419E-02  3.4005614E-15
  4.3543544E-02  3.4102034E-15
  4.3668669E-02  3.4198441E-15
  4.3793794E-02  3.4294835E-15
  4.3918919E-02  3.4391215E-15
  4.4044044E-02  3.4487580E-15
  4.4169169E-02  3.4583934E-15
  4.4294294E-02  3.4680271E-15
  4.4419419E-02  3.4776596E-15
  4.4544544E-02  3.4872908E-15
  4.4669669E-02  3.4969205E-15
  4.4794794E-02  3.5065487E-15
  4.4919919E-02  3.5161756E-15
  4.5045044E-02  3.5258013E-15
  4.5170169E-02  3.5354253E-15
  4.5295294E-02  3.5450482E-15
  4.5420419E-02  3.5546695E-15
  4.5545544E-02  3.5642892E-15
  4.5670670E-02  3.5739077E-15
  4.5795795E-02  3.5835249E-15
  4.5920920E-02  3.5931404E-15
  4.6046045E-02  3.6027547E-15
  4.6171170E-02  3.6123677E-15
  4.6296295E-02  3.6219790E-15
  4.6421420E-02  3.6315890E-15
  4.6546545E-02  3.6411973E-15
  4.6671670E-02  3.6508043E-15
  4.6796795E-02  3.6604101E-15
  4.6921924E-02  3.6700142E-15
  4.7047049E-02  3.6796170E-15
  4.7172174E-02  3.6892181E-15
  4.7297299E-02  3.6988180E-15
  4.7422424E-02  3.7084161E-15
  4.7547549E-02  3.7180130E-15
  4.7672674E-02  3.7276082E-15
  4.7797799E-02  3.7372021E-15
  4.7922924E-02  3.7467943E-15
  4.8048049E-02  3.7563853E-15
  4.8173174E-02  3.7659746E-15
  4.8298299E-02  3.7755625E-15
  4.8423424E-02  3.7851488E-15
  4.8548549E-02  3.7947339E-15
  4.8673674E-02  3.8043172E-15
  4.8798800E-02  3.8138993E-15
  4.8923925E-02  3.8234796E-15
  4.9049050E-02  3.8330583E-15
  4.9174175E-02  3.8426357E-15
  4.9299300E-02  3.8522114E-15
  4.9424425E-02  3.8617858E-15
  4.9549550E-02  3.8713586E-15
  4.9674675E-02  3.8809296E-15
  4.9799800E-02  3.8904994E-15
  4.9924925E-02  3.9000675E-15
  5.0050050E-02  3.9096343E-15
  5.0175175E-02  3.9191990E-15
  5.0300300E-02  3.9287624E-15
  5.0425425E-02  3.9383246E-15
  5.0550550E-02  3.9478850E-15
  5.0675675E-02  3.9574438E-15
  5.0800800E-02  3.9670009E-15
  5.0925925E-02  3.9765567E-15
  5.1051050E-02  3.9861104E-15
  5.1176175E-02  3.9956632E-15
  5.1301301E-02  4.0052139E-15
  5.1426426E-02  4.0147634E-15
  5.1551551E-02  4.0243111E-15
  5.1676676E-02  4.0338572E-15
  5.1801801E-02  4.0434016E-15
  5.1926926E-02  4.0529447E-15
  5.2052051E-02  4.0624856E-15
  5.2177176E-02  4.0720253E-15
  5.2302301E-02  4.0815638E-15
  5.2427426E-02  4.0911001E-15
  5.2552551E-02  4.1006347E-15
  5.2677676E-02  4.1101681E-15
  5.2802801E-02  4.1196997E-15
  5.2927926E-02  4.1292297E-15
  5.3053051E-02  4.1387580E-15
  5.3178180E-02  4.1482846E-15
  5.3303305E-02  4.1578099E-15
  5.3428430E-02  4.1673331E-15
  5.3553555E-02  4.1768550E-15
  5.3678680E-02  4.1863748E-15
  5.3803805E-02  4.1958933E-15
  5.3928930E-02  4.2054102E-15
  5.4054055E-02  4.2149253E-15
  5.4179180E-02  4.2244388E-15
  5.4304305E-02  4.2339505E-15
  5.4429431E-02  4.2434606E-15
  5.4554556E-02  4.2529689E-15
  5.4679681E-02  4.2624756E-15
  5.4804806E-02  4.2719806E-15
  5.4929931E-02  4.2814839E-15
  5.5055056E-02  4.2909855E-15
  5.5180181E-02  4.3004854E-15
  5.5305306E-02  4.3099836E-15
  5.5430431E-02  4.3194801E-15
  5.5555556E-02  4.3289749E-15
  5.5680681E-02  4.3384680E-15
  5.5805806E-02  4.3479595E-15
  5.5930931E-02  4.3574492E-15
  5.6056056E-02  4.3669372E-15
  5.6181181E-02  4.3764232E-15
  5.6306306E-02  4.3859078E-15
  5.6431431E-02  4.3953903E-15
  5.6556556E-02  4.4048716E-15
  5.6681681E-02  4.4143507E-15
  5.6806806E-02  4.4238282E-15
  5.6931932E-02  4.4333040E-15
  5.7057057E-02  4.4427780E-15
  5.7182182E-02  4.4522500E-15
  5.7307307E-02  4.4617206E-15
  5.7432432E-02  4.4711892E-15
  5.7557557E-02  4.4806561E-15
  5.7682682E-02  4.4901212E-15
  5.7807807E-02  4.4995847E-15
  5.7932932E-02  4.5090465E-15
  5.8058057E-02  4.5185062E-15
  5.8183182E-02  4.5279641E-15
  5.8308307E-02  4.5374204E-15
  5.8433432E-02  4.5468750E-15
  5.8558557E-02  4.5563274E-15
  5.8683682E-02  4.5657782E-15
  5.8808807E-02  4.5752273E-15
  5.8933932E-02  4.5846747E-15
  5.9059057E-02  4.5941199E-15
  5.9184182E-02  4.6035635E-15
  5.9309307E-02  4.6130054E-15
  5.9434436E-02  4.6224451E-15
  5.9559561E-02  4.6318832E-15
  5.9684686E-02  4.6413196E-15
  5.9809811E-02  4.6507543E-15
  5.9934936E-02  4.6601868E-15
  6.0060062E-02  4.6696177E-15
  6.0185187E-02  4.6790464E-15
  6.0310312E-02  4.6884735E-15
  6.0435437E-02  4.6978988E-15
  6.0560562E-02  4.7073221E-15
  6.0685687E-02  4.7167436E-15
  6.0810812E-02  4.7261631E-15
  6.0935937E-02  4.7355808E-15
  6.1061062E-02  4.7449968E-15
  6.1186187E-02  4.7544108E-15
  6.1311312E-02  4.7638230E-15
  6.1436437E-02  4.7732331E-15
  6.1561562E-02  4.7826415E-15
  6.1686687E-02  4.7920482E-15
  6.1811812E-02  4.8014528E-15
  6.1936937E-02  4.8108553E-15
  6.2062062E-02  4.8202561E-15
  6.2187187E-02  4.8296548E-15
  6.2312312E-02  4.8390518E-15
  6.2437437E-02  4.8484471E-15
  6.2562563E-02  4.8578403E-15
  6.2687688E-02  4.8672313E-15
  6.2812813E-02  4.8766207E-15
  6.2937938E-02  4.8860079E-15
  6.3063063E-02  4.8953935E-15
  6.3188188E-02  4.9047769E-15
  6.3313313E-02  4.9141586E-15
  6.3438438E-02  4.9235382E-15
  6.3563563E-02  4.9329157E-15
  6.3688688E-02  4.9422916E-15
  6.3813813E-02  4.9516652E-15
  6.3938938E-02  4.9610372E-15
  6.4064063E-02  4.9704071E-15
  6.4189188E-02  4.9797749E-15
  6.4314313E-02  4.9891409E-15
  6.4439438E-02  4.9985049E-15
  6.4564563E-02  5.0078667E-15
  6.4689688E-02  5.0172269E-15
  6.4814813E-02  5.0265849E-15
  6.4939938E-02  5.0359408E-15
  6.5065064E-02  5.0452950E-15
  6.5190189E-02  5.0546471E-15
  6.5315314E-02  5.0639971E-15
  6.5440439E-02  5.0733453E-15
  6.5565564E-02  5.0826915E-15
  6.5690689E-02  5.0920355E-15
  6.5815814E-02  5.1013775E-15
  6.5940939E-02  5.1107173E-15
  6.6066064E-02  5.1200554E-15
  6.6191189E-02  5.1293914E-15
  6.6316314E-02  5.1387257E-15
  6.6441439E-02  5.1480575E-15
  6.6566564E-02  5.1573875E-15
  6.6691689E-02  5.1667151E-15
  6.6816814E-02  5.1760413E-15
  6.6941939E-02  5.1853650E-15
  6.7067064E-02  5.1946866E-15
  6.7192189E-02  5.2040065E-15
  6.7317314E-02  5.2133239E-15
  6.7442439E-02  5.2226396E-15
  6.7567565E-02  5.2319531E-15
  6.7692690E-02  5.2412645E-15
  6.7817815E-02  5.2505743E-15
  6.7942940E-02  5.2598815E-15
  6.8068065E-02  5.2691866E-15
  6.8193190E-02  5.2784899E-15
  6.8318315E-02  5.2877912E-15
  6.8443440E-02  5.2970899E-15
  6.8568565E-02  5.3063870E-15
  6.8693690E-02  5.3156819E-15
  6.8818823E-02  5.3249747E-15
  6.8943948E-02  5.3342654E-15
  6.9069073E-02  5.3435539E-15
  6.9194198E-02  5.3528404E-15
  6.9319323E-02  5.3621247E-15
  6.9444448E-02  5.3714069E-15
  6.9569573E-02  5.3806870E-15
  6.9694698E-02  5.3899650E-15
  6.9819823E-02  5.3992408E-15
  6.9944948E-02  5.4085146E-15
  7.0070073E-02  5.4177862E-15
  7.0195198E-02  5.4270557E-15
  7.0320323E-02  5.4363227E-15
  7.0445448E-02  5.4455879E-15
  7.0570573E-02  5.4548511E-15
  7.0695698E-02  5.4641121E-15
  7.0820823E-02  5.4733706E-15
  7.0945948E-02  5.4826274E-15
  7.1071073E-02  5.4918817E-15
  7.1196198E-02  5.5011338E-15
  7.1321324E-02  5.5103843E-15
  7.1446449E-02  5.5196322E-15
  7.1571574E-02  5.5288780E-15
  7.1696699E-02  5.5381212E-15
  7.1821824E-02  5.5473628E-15
  7.1946949E-02  5.5566018E-15
  7.2072074E-02  5.5658391E-15
  7.2197199E-02  5.5750739E-15
  7.2322324E-02  5.5843065E-15
  7.2447449E-02  5.5935371E-15
  7.2572574E-02  5.6027651E-15
  7.2697699E-02  5.6119910E-15
  7.2822824E-02  5.6212151E-15
  7.2947949E-02  5.6304364E-15
  7.3073074E-02  5.6396559E-15
  7.3198199E-02  5.6488733E-15
  7.3323324E-02  5.6580882E-15
  7.3448449E-02  5.6673009E-15
  7.3573574E-02  5.6765112E-15
  7.3698699E-02  5.6857197E-15
  7.3823825E-02  5.6949256E-15
  7.3948950E-02  5.7041295E-15
  7.4074075E-02  5.7133308E-15
  7.4199200E-02  5.7225300E-15
  7.4324325E-02  5.7317271E-15
  7.4449450E-02  5.7409221E-15
  7.4574575E-02  5.7501145E-15
  7.4699700E-02  5.7593048E-15
  7.4824825E-02  5.7684930E-15
  7.4949950E-02  5.7776786E-15
  7.5075075E-02  5.7868622E-15
  7.5200200E-02  5.7960432E-15
  7.5325325E-02  5.8052220E-15
  7.5450450E-02  5.8143988E-15
  7.5575575E-02  5.8235730E-15
  7.5700700E-02  5.8327451E-15
  7.5825825E-02  5.8419151E-15
  7.5950950E-02  5.8510825E-15
  7.6076075E-02  5.8602474E-15
  7.6201200E-02  5.8694106E-15
  7.6326326E-02  5.8785709E-15
  7.6451451E-02  5.8877294E-15
  7.6576576E-02  5.8968850E-15
  7.6701701E-02  5.9060389E-15
  7.6826826E-02  5.9151902E-15
  7.6951951E-02  5.9243390E-15
  7.7077076E-02  5.9334857E-15
  7.7202201E-02  5.9426298E-15
  7.7327326E-02  5.9517719E-15
  7.7452451E-02  5.9609118E-15
  7.7577576E-02  5.9700491E-15
  7.7702701E-02  5.9791840E-15
  7.7827826E-02  5.9883167E-15
  7.7952951E-02  5.9974469E-15
  7.8078076E-02  6.0065745E-15
  7.8203201E-02  6.0157004E-15
  7.8328326E-02  6.0248234E-15
  7.8453451E-02  6.0339442E-15
  7.8578576E-02  6.0430625E-15
  7.8703701E-02  6.0521787E-15
  7.8828827E-02  6.0612924E-15
  7.8953952E-02  6.0704039E-15
  7.9079077E-02  6.0795125E-15
  7.9204202E-02  6.0886194E-15
  7.9329327E-02  6.0977233E-15
  7.9454452E-02  6.1068251E-15
  7.9579577E-02  6.1159247E-15
  7.9704702E-02  6.1250214E-15
  7.9829827E-02  6.1341160E-15
  7.9954952E-02  6.1432081E-15
  8.0080077E-02  6.1522980E-15
  8.0205202E-02  6.1613854E-15
  8.0330327E-02  6.1704703E-15
  8.0455452E-02  6.1795526E-15
  8.0580577E-02  6.1886328E-15
  8.0705702E-02  6.1977104E-15
  8.0830827E-02  6.2067855E-15
  8.0955952E-02  6.2158585E-15
  8.1081077E-02  6.2249290E-15
  8.1206203E-02  6.2339969E-15
  8.1331335E-02  6.2430623E-15
  8.1456460E-02  6.2521251E-15
  8.1581585E-02  6.2611858E-15
  8.1706710E-02  6.2702440E-15
  8.1831835E-02  6.2792996E-15
  8.1956960E-02  6.2883527E-15
  8.2082085E-02  6.2974032E-15
  8.2207210E-02  6.3064517E-15
  8.2332335E-02  6.3154976E-15
  8.2457460E-02  6.3245409E-15
  8.2582586E-02  6.3335817E-15
  8.2707711E-02  6.3426200E-15
  8.2832836E-02  6.3516557E-15
  8.2957961E-02  6.3606893E-15
  8.3083086E-02  6.3697200E-15
  8.3208211E-02  6.3787485E-15
  8.3333336E-02  6.3877745E-15
  8.3458461E-02  6.3967979E-15
  8.3583586E-02  6.4058188E-15
  8.3708711E-02  6.4148372E-15
  8.3833836E-02  6.4238530E-15
  8.3958961E-02  6.4328663E-15
  8.4084086E-02  6.4418770E-15
  8.4209211E-02  6.4508852E-15
  8.4334336E-02  6.4598913E-15
  8.4459461E-02  6.4688944E-15
  8.4584586E-02  6.4778950E-15
  8.4709711E-02  6.4868934E-15
  8.4834836E-02  6.4958889E-15
  8.4959961E-02  6.5048818E-15
  8.5085087E-02  6.5138727E-15
  8.5210212E-02  6.5228605E-15
  8.5335337E-02  6.5318459E-15
  8.5460462E-02  6.5408291E-15
  8.5585587E-02  6.5498093E-15
  8.5710712E-02  6.5587870E-15
  8.5835837E-02  6.5677622E-15
  8.5960962E-02  6.5767348E-15
  8.6086087E-02  6.5857049E-15
  8.6211212E-02  6.5946724E-15
  8.6336337E-02  6.6036374E-15
  8.6461462E-02  6.6125999E-15
  8.6586587E-02  6.6215594E-15
  8.6711712E-02  6.6305167E-15
  8.6836837E-02  6.6394711E-15
  8.6961962E-02  6.6484230E-15
  8.7087087E-02  6.6573723E-15
  8.7212212E-02  6.6663191E-15
  8.7337337E-02  6.6752634E-15
  8.7462462E-02  6.6842051E-15
  8.7587588E-02  6.6931438E-15
  8.7712713E-02  6.7020800E-15
  8.7837838E-02  6.7110141E-15
  8.7962963E-02  6.7199448E-15
  8.8088088E-02  6.7288734E-15
  8.8213213E-02  6.7377994E-15
  8.8338338E-02  6.7467225E-15
  8.8463463E-02  6.7556430E-15
  8.8588588E-02  6.7645610E-15
  8.8713713E-02  6.7734760E-15
  8.8838838E-02  6.7823889E-15
  8.8963963E-02  6.7912988E-15
  8.9089088E-02  6.8002062E-15
  8.9214213E-02  6.8091107E-15
  8.9339338E-02  6.8180126E-15
  8.9464463E-02  6.8269119E-15
  8.9589588E-02  6.8358087E-15
  8.9714713E-02  6.8447030E-15
  8.9839838E-02  6.8535943E-15
  8.9964963E-02  6.8624826E-15
  9.0090089E-02  6.8713689E-15
  9.0215214E-02  6.8802521E-15
  9.0340339E-02  6.8891328E-15
  9.0465464E-02  6.8980106E-15
  9.0590589E-02  6.9068858E-15
  9.0715714E-02  6.9157585E-15
  9.0840839E-02  6.9246282E-15
  9.0965964E-02  6.9334953E-15
  9.1091089E-02  6.9423600E-15
  9.1216214E-02  6.9512216E-15
  9.1341339E-02  6.9600803E-15
  9.1466464E-02  6.9689369E-15
  9.1591589E-02  6.9777905E-15
  9.1716714E-02  6.9866412E-15
  9.1841839E-02  6.9954893E-15
  9.1966964E-02  7.0043348E-15
  9.2092089E-02  7.0131774E-15
  9.2217214E-02  7.0220175E-15
  9.2342339E-02  7.0308546E-15
  9.2467465E-02  7.0396891E-15
  9.2592590E-02  7.0485207E-15
  9.2717715E-02  7.0573498E-15
  9.2842840E-02  7.0661759E-15
  9.2967965E-02  7.0749994E-15
  9.3093090E-02  7.0838200E-15
  9.3218215E-02  7.0926380E-15
  9.3343340E-02  7.1014531E-15
  9.3468465E-02  7.1102656E-15
  9.3593590E-02  7.1190756E-15
  9.3718715E-02  7.1278822E-15
  9.3843848E-02  7.1366863E-15
  9.3968973E-02  7.1454878E-15
  9.4094098E-02  7.1542859E-15
  9.4219223E-02  7.1630815E-15
  9.4344348E-02  7.1718746E-15
  9.4469473E-02  7.1806651E-15
  9.4594598E-02  7.1894522E-15
  9.4719723E-02  7.1982368E-15
  9.4844848E-02  7.2070188E-15
  9.4969973E-02  7.2157974E-15
  9.5095098E-02  7.2245736E-15
  9.5220223E-02  7.2333471E-15
  9.5345348E-02  7.2421173E-15
  9.5470473E-02  7.2508849E-15
  9.5595598E-02  7.2596500E-15
  9.5720723E-02  7.2684117E-15
  9.5845848E-02  7.2771709E-15
  9.5970973E-02  7.2859275E-15
  9.6096098E-02  7.2946808E-15
  9.6221223E-02  7.3034315E-15
  9.6346349E-02  7.3121796E-15
  9.6471474E-02  7.3209244E-15
  9.6596599E-02  7.3296666E-15
  9.6721724E-02  7.3384063E-15
  9.6846849E-02  7.3471426E-15
  9.6971974E-02  7.3558764E-15
  9.7097099E-02  7.3646067E-15
  9.7222224E-02  7.3733346E-15
  9.7347349E-02  7.3820598E-15
  9.7472474E-02  7.3907817E-15
  9.7597599E-02  7.3995011E-15
  9.7722724E-02  7.4082179E-15
  9.7847849E-02  7.4169313E-15
  9.7972974E-02  7.4256422E-15
  9.8098099E-02  7.4343497E-15
  9.8223224E-02  7.4430547E-15
  9.8348349E-02  7.4517563E-15
  9.8473474E-02  7.4604553E-15
  9.8598599E-02  7.4691518E-15
  9.8723724E-02  7.4778449E-15
  9.8848850E-02  7.4865354E-15
  9.8973975E-02  7.4952226E-15
  9.9099100E-02  7.5039072E-15
  9.9224225E-02  7.5125893E-15
  9.9349350E-02  7.5212680E-15
  9.9474475E-02  7.5299433E-15
  9.9599600E-02  7.5386161E-15
  9.9724725E-02  7.5472863E-15
  9.9849850E-02  7.5559532E-15
  9.9974975E-02  7.5646175E-15
  0.1001001      7.5732784E-15
  0.1002252      7.5819368E-15
  0.1003504      7.5905917E-15
  0.1004755      7.5992442E-15
  0.1006006      7.6078932E-15
  0.1007257      7.6165397E-15
  0.1008509      7.6251837E-15
  0.1009760      7.6338243E-15
  0.1011011      7.6424615E-15
  0.1012262      7.6510961E-15
  0.1013514      7.6597274E-15
  0.1014765      7.6683561E-15
  0.1016016      7.6769823E-15
  0.1017267      7.6856043E-15
  0.1018519      7.6942245E-15
  0.1019770      7.7028414E-15
  0.1021021      7.7114549E-15
  0.1022272      7.7200658E-15
  0.1023524      7.7286734E-15
  0.1024775      7.7372775E-15
  0.1026026      7.7458800E-15
  0.1027277      7.7544782E-15
  0.1028529      7.7630739E-15
  0.1029780      7.7716671E-15
  0.1031031      7.7802568E-15
  0.1032282      7.7888432E-15
  0.1033534      7.7974270E-15
  0.1034785      7.8060075E-15
  0.1036036      7.8145854E-15
  0.1037287      7.8231599E-15
  0.1038539      7.8317310E-15
  0.1039790      7.8402996E-15
  0.1041041      7.8488656E-15
  0.1042292      7.8574283E-15
  0.1043544      7.8659876E-15
  0.1044795      7.8745434E-15
  0.1046046      7.8830968E-15
  0.1047297      7.8916476E-15
  0.1048549      7.9001941E-15
  0.1049800      7.9087390E-15
  0.1051051      7.9172796E-15
  0.1052302      7.9258177E-15
  0.1053554      7.9343524E-15
  0.1054805      7.9428846E-15
  0.1056056      7.9514134E-15
  0.1057307      7.9599396E-15
  0.1058559      7.9684616E-15
  0.1059810      7.9769819E-15
  0.1061061      7.9854980E-15
  0.1062312      7.9940115E-15
  0.1063564      8.0025216E-15
  0.1064815      8.0110292E-15
  0.1066066      8.0195335E-15
  0.1067317      8.0280343E-15
  0.1068569      8.0365317E-15
  0.1069820      8.0450266E-15
  0.1071071      8.0535190E-15
  0.1072322      8.0620071E-15
  0.1073574      8.0704927E-15
  0.1074825      8.0789748E-15
  0.1076076      8.0874545E-15
  0.1077327      8.0959307E-15
  0.1078579      8.1044036E-15
  0.1079830      8.1128731E-15
  0.1081081      8.1213400E-15
  0.1082332      8.1298036E-15
  0.1083584      8.1382638E-15
  0.1084835      8.1467214E-15
  0.1086086      8.1551756E-15
  0.1087337      8.1636265E-15
  0.1088589      8.1720739E-15
  0.1089840      8.1805188E-15
  0.1091091      8.1889604E-15
  0.1092342      8.1973985E-15
  0.1093594      8.2058341E-15
  0.1094845      8.2142663E-15
  0.1096096      8.2226952E-15
  0.1097347      8.2311206E-15
  0.1098599      8.2395435E-15
  0.1099850      8.2479621E-15
  0.1101101      8.2563783E-15
  0.1102352      8.2647918E-15
  0.1103604      8.2732012E-15
  0.1104855      8.2816080E-15
  0.1106106      8.2900114E-15
  0.1107357      8.2984114E-15
  0.1108609      8.3068089E-15
  0.1109860      8.3152022E-15
  0.1111111      8.3235929E-15
  0.1112362      8.3319802E-15
  0.1113614      8.3403641E-15
  0.1114865      8.3487455E-15
  0.1116116      8.3571235E-15
  0.1117367      8.3654973E-15
  0.1118619      8.3738694E-15
  0.1119870      8.3822372E-15
  0.1121121      8.3906016E-15
  0.1122372      8.3989636E-15
  0.1123624      8.4073221E-15
  0.1124875      8.4156772E-15
  0.1126126      8.4240290E-15
  0.1127377      8.4323773E-15
  0.1128629      8.4407231E-15
  0.1129880      8.4490647E-15
  0.1131131      8.4574037E-15
  0.1132382      8.4657394E-15
  0.1133634      8.4740717E-15
  0.1134885      8.4824005E-15
  0.1136136      8.4907269E-15
  0.1137387      8.4990490E-15
  0.1138639      8.5073685E-15
  0.1139890      8.5156847E-15
  0.1141141      8.5239975E-15
  0.1142392      8.5323069E-15
  0.1143644      8.5406129E-15
  0.1144895      8.5489163E-15
  0.1146146      8.5572156E-15
  0.1147397      8.5655123E-15
  0.1148649      8.5738047E-15
  0.1149900      8.5820946E-15
  0.1151151      8.5903811E-15
  0.1152402      8.5986643E-15
  0.1153654      8.6069440E-15
  0.1154905      8.6152204E-15
  0.1156156      8.6234934E-15
  0.1157407      8.6317638E-15
  0.1158659      8.6400300E-15
  0.1159910      8.6482936E-15
  0.1161161      8.6565531E-15
  0.1162412      8.6648099E-15
  0.1163664      8.6730634E-15
  0.1164915      8.6813127E-15
  0.1166166      8.6895594E-15
  0.1167417      8.6978027E-15
  0.1168669      8.7060426E-15
  0.1169920      8.7142792E-15
  0.1171171      8.7225124E-15
  0.1172422      8.7307421E-15
  0.1173674      8.7389694E-15
  0.1174925      8.7471924E-15
  0.1176176      8.7554120E-15
  0.1177427      8.7636282E-15
  0.1178679      8.7718419E-15
  0.1179930      8.7800513E-15
  0.1181181      8.7882574E-15
  0.1182432      8.7964609E-15
  0.1183684      8.8046602E-15
  0.1184935      8.8128560E-15
  0.1186186      8.8210494E-15
  0.1187437      8.8292385E-15
  0.1188689      8.8374251E-15
  0.1189940      8.8456074E-15
  0.1191191      8.8537864E-15
  0.1192442      8.8619628E-15
  0.1193694      8.8701350E-15
  0.1194945      8.8783037E-15
  0.1196196      8.8864700E-15
  0.1197447      8.8946320E-15
  0.1198699      8.9027906E-15
  0.1199950      8.9109467E-15
  0.1201201      8.9190985E-15
  0.1202452      8.9272470E-15
  0.1203704      8.9353921E-15
  0.1204955      8.9435337E-15
  0.1206206      8.9516720E-15
  0.1207457      8.9598069E-15
  0.1208709      8.9679385E-15
  0.1209960      8.9760666E-15
  0.1211211      8.9841913E-15
  0.1212462      8.9923127E-15
  0.1213714      9.0004306E-15
  0.1214965      9.0085444E-15
  0.1216216      9.0166556E-15
  0.1217467      9.0247634E-15
  0.1218719      9.0328669E-15
  0.1219970      9.0409671E-15
  0.1221221      9.0490647E-15
  0.1222472      9.0571581E-15
  0.1223724      9.0652481E-15
  0.1224975      9.0733348E-15
  0.1226226      9.0814180E-15
  0.1227477      9.0894979E-15
  0.1228729      9.0975735E-15
  0.1229980      9.1056465E-15
  0.1231231      9.1137154E-15
  0.1232482      9.1217817E-15
  0.1233734      9.1298437E-15
  0.1234985      9.1379024E-15
  0.1236236      9.1459577E-15
  0.1237487      9.1540096E-15
  0.1238739      9.1620581E-15
  0.1239990      9.1701024E-15
  0.1241241      9.1781441E-15
  0.1242492      9.1861816E-15
  0.1243744      9.1942157E-15
  0.1244995      9.2022464E-15
  0.1246246      9.2102737E-15
  0.1247497      9.2182977E-15
  0.1248749      9.2263182E-15
  0.1250000      9.2343346E-15
