AAK      MXN        42.6390   74.4940 1645.0   30.0    0.0    0.0       1.0000    2437 2012 033 13 34 40.700
AAK      MXE        42.6390   74.4940 1645.0   30.0   90.0    0.0       1.0000    2437 2012 033 13 34 40.700
AAK      MXZ        42.6390   74.4940 1645.0   30.0    0.0  -90.0       1.0000    2437 2012 033 13 34 40.700
ABKT     MXN        37.9304   58.1189  678.0    7.0    0.0    0.0       1.0000    2437 2012 033 13 34 40.700
ABKT     MXE        37.9304   58.1189  678.0    7.0   90.0    0.0       1.0000    2437 2012 033 13 34 40.700
ABKT     MXZ        37.9304   58.1189  678.0    7.0    0.0  -90.0       1.0000    2437 2012 033 13 34 40.700
ABPO     MXN       -19.0180   47.2290 1528.0    5.3    0.0    0.0       1.0000    2437 2012 033 13 34 40.700
ABPO     MXE       -19.0180   47.2290 1528.0    5.3   90.0    0.0       1.0000    2437 2012 033 13 34 40.700
ABPO     MXZ       -19.0180   47.2290 1528.0    5.3    0.0  -90.0       1.0000    2437 2012 033 13 34 40.700
ALE      MXN        82.5033  -62.3500   60.0    0.0    0.0    0.0       1.0000    2437 2012 033 13 34 40.700
ALE      MXE        82.5033  -62.3500   60.0    0.0   90.0    0.0       1.0000    2437 2012 033 13 34 40.700
ALE      MXZ        82.5033  -62.3500   60.0    0.0    0.0  -90.0       1.0000    2437 2012 033 13 34 40.700
ARU      MXN        56.4302   58.5625  250.0    0.0    0.0    0.0       1.0000    2437 2012 033 13 34 40.700
ARU      MXE        56.4302   58.5625  250.0    0.0   90.0    0.0       1.0000    2437 2012 033 13 34 40.700
ARU      MXZ        56.4302   58.5625  250.0    0.0    0.0  -90.0       1.0000    2437 2012 033 13 34 40.700
ASCN     MXN        -7.9327  -14.3601  173.0  100.0    0.0    0.0       1.0000    2437 2012 033 13 34 40.700
ASCN     MXE        -7.9327  -14.3601  173.0  100.0   90.0    0.0       1.0000    2437 2012 033 13 34 40.700
ASCN     MXZ        -7.9327  -14.3601  173.0  100.0    0.0  -90.0       1.0000    2437 2012 033 13 34 40.700
BFO      MXN        48.3319    8.3311  589.0    0.0    0.0    0.0       1.0000    2437 2012 033 13 34 40.700
BFO      MXE        48.3319    8.3311  589.0    0.0   90.0    0.0       1.0000    2437 2012 033 13 34 40.700
BFO      MXZ        48.3319    8.3311  589.0    0.0    0.0  -90.0       1.0000    2437 2012 033 13 34 40.700
BORG     MXN        64.7474  -21.3268  110.0   95.0    0.0    0.0       1.0000    2437 2012 033 13 34 40.700
BORG     MXE        64.7474  -21.3268  110.0   95.0   90.0    0.0       1.0000    2437 2012 033 13 34 40.700
BORG     MXZ        64.7474  -21.3268  110.0   95.0    0.0  -90.0       1.0000    2437 2012 033 13 34 40.700
BRVK     MXN        53.0581   70.2828  330.0   15.0    0.0    0.0       1.0000    2437 2012 033 13 34 40.700
BRVK     MXE        53.0581   70.2828  330.0   15.0   90.0    0.0       1.0000    2437 2012 033 13 34 40.700
BRVK     MXZ        53.0581   70.2828  330.0   15.0    0.0  -90.0       1.0000    2437 2012 033 13 34 40.700
CMLA     MXN        37.7637  -25.5243  429.0    7.0    0.0    0.0       1.0000    2437 2012 033 13 34 40.700
CMLA     MXE        37.7637  -25.5243  429.0    7.0   90.0    0.0       1.0000    2437 2012 033 13 34 40.700
CMLA     MXZ        37.7637  -25.5243  429.0    7.0    0.0  -90.0       1.0000    2437 2012 033 13 34 40.700
COCO     MXN       -12.1901   96.8349    1.0   70.0    0.0    0.0       1.0000    2437 2012 033 13 34 40.700
COCO     MXE       -12.1901   96.8349    1.0   70.0   90.0    0.0       1.0000    2437 2012 033 13 34 40.700
COCO     MXZ       -12.1901   96.8349    1.0   70.0    0.0  -90.0       1.0000    2437 2012 033 13 34 40.700
DGAR     MXN        -7.4121   72.4525    1.0    2.0    0.0    0.0       1.0000    2437 2012 033 13 34 40.700
DGAR     MXE        -7.4121   72.4525    1.0    2.0   90.0    0.0       1.0000    2437 2012 033 13 34 40.700
DGAR     MXZ        -7.4121   72.4525    1.0    2.0    0.0  -90.0       1.0000    2437 2012 033 13 34 40.700
EFI      MXN       -51.6753  -58.0637  110.0   80.0    0.0    0.0       1.0000    2437 2012 033 13 34 40.700
EFI      MXE       -51.6753  -58.0637  110.0   80.0   90.0    0.0       1.0000    2437 2012 033 13 34 40.700
EFI      MXZ       -51.6753  -58.0637  110.0   80.0    0.0  -90.0       1.0000    2437 2012 033 13 34 40.700
ERM      MXN        42.0150  143.1572   40.0    0.0    0.0    0.0       1.0000    2437 2012 033 13 34 40.700
ERM      MXE        42.0150  143.1572   40.0    0.0   90.0    0.0       1.0000    2437 2012 033 13 34 40.700
ERM      MXZ        42.0150  143.1572   40.0    0.0    0.0  -90.0       1.0000    2437 2012 033 13 34 40.700
ESK      MXN        55.3167   -3.2050  242.0    0.0    0.0    0.0       1.0000    2437 2012 033 13 34 40.700
ESK      MXE        55.3167   -3.2050  242.0    0.0   90.0    0.0       1.0000    2437 2012 033 13 34 40.700
ESK      MXZ        55.3167   -3.2050  242.0    0.0    0.0  -90.0       1.0000    2437 2012 033 13 34 40.700
FFC      MXN        54.7250 -101.9783  338.0    0.0    0.0    0.0       1.0000    2437 2012 033 13 34 40.700
FFC      MXE        54.7250 -101.9783  338.0    0.0   90.0    0.0       1.0000    2437 2012 033 13 34 40.700
FFC      MXZ        54.7250 -101.9783  338.0    0.0    0.0  -90.0       1.0000    2437 2012 033 13 34 40.700
GAR      MXN        39.0000   70.3167 1300.0    0.0    0.0    0.0       1.0000    2437 2012 033 13 34 40.700
GAR      MXE        39.0000   70.3167 1300.0    0.0   90.0    0.0       1.0000    2437 2012 033 13 34 40.700
GAR      MXZ        39.0000   70.3167 1300.0    0.0    0.0  -90.0       1.0000    2437 2012 033 13 34 40.700
HOPE     MXN       -54.2836  -36.4879   20.0    0.0    0.0    0.0       1.0000    2437 2012 033 13 34 40.700
HOPE     MXE       -54.2836  -36.4879   20.0    0.0   90.0    0.0       1.0000    2437 2012 033 13 34 40.700
HOPE     MXZ       -54.2836  -36.4879   20.0    0.0    0.0  -90.0       1.0000    2437 2012 033 13 34 40.700
JTS      MXN        10.2908  -84.9525  340.0    0.0    0.0    0.0       1.0000    2437 2012 033 13 34 40.700
JTS      MXE        10.2908  -84.9525  340.0    0.0   90.0    0.0       1.0000    2437 2012 033 13 34 40.700
JTS      MXZ        10.2908  -84.9525  340.0    0.0    0.0  -90.0       1.0000    2437 2012 033 13 34 40.700
KAPI     MXN        -5.0142  119.7517  300.0  100.0    0.0    0.0       1.0000    2437 2012 033 13 34 40.700
KAPI     MXE        -5.0142  119.7517  300.0  100.0   90.0    0.0       1.0000    2437 2012 033 13 34 40.700
KAPI     MXZ        -5.0142  119.7517  300.0  100.0    0.0  -90.0       1.0000    2437 2012 033 13 34 40.700
KDAK     MXN        57.7828 -152.5835  152.0    5.5    0.0    0.0       1.0000    2437 2012 033 13 34 40.700
KDAK     MXE        57.7828 -152.5835  152.0    5.5   90.0    0.0       1.0000    2437 2012 033 13 34 40.700
KDAK     MXZ        57.7828 -152.5835  152.0    5.5    0.0  -90.0       1.0000    2437 2012 033 13 34 40.700
KIV      MXN        43.9562   42.6888 1210.0    0.0    0.0    0.0       1.0000    2437 2012 033 13 34 40.700
KIV      MXE        43.9562   42.6888 1210.0    0.0   90.0    0.0       1.0000    2437 2012 033 13 34 40.700
KIV      MXZ        43.9562   42.6888 1210.0    0.0    0.0  -90.0       1.0000    2437 2012 033 13 34 40.700
KURK     MXN        50.7154   78.6202  184.0   25.0    0.0    0.0       1.0000    2437 2012 033 13 34 40.700
KURK     MXE        50.7154   78.6202  184.0   25.0   90.0    0.0       1.0000    2437 2012 033 13 34 40.700
KURK     MXZ        50.7154   78.6202  184.0   25.0    0.0  -90.0       1.0000    2437 2012 033 13 34 40.700
KWAJ     MXN         8.8019  167.6130    0.0    0.0    0.0    0.0       1.0000    2437 2012 033 13 34 40.700
KWAJ     MXE         8.8019  167.6130    0.0    0.0   90.0    0.0       1.0000    2437 2012 033 13 34 40.700
KWAJ     MXZ         8.8019  167.6130    0.0    0.0    0.0  -90.0       1.0000    2437 2012 033 13 34 40.700
LVZ      MXN        67.8979   34.6514  630.0  200.0    0.0    0.0       1.0000    2437 2012 033 13 34 40.700
LVZ      MXE        67.8979   34.6514  630.0  200.0   90.0    0.0       1.0000    2437 2012 033 13 34 40.700
LVZ      MXZ        67.8979   34.6514  630.0  200.0    0.0  -90.0       1.0000    2437 2012 033 13 34 40.700
MBAR     MXN        -0.6019   30.7382 1390.0  100.0    0.0    0.0       1.0000    2437 2012 033 13 34 40.700
MBAR     MXE        -0.6019   30.7382 1390.0  100.0   90.0    0.0       1.0000    2437 2012 033 13 34 40.700
MBAR     MXZ        -0.6019   30.7382 1390.0  100.0    0.0  -90.0       1.0000    2437 2012 033 13 34 40.700
MSEY     MXN        -4.6737   55.4792  475.0   91.0    0.0    0.0       1.0000    2437 2012 033 13 34 40.700
MSEY     MXE        -4.6737   55.4792  475.0   91.0   90.0    0.0       1.0000    2437 2012 033 13 34 40.700
MSEY     MXZ        -4.6737   55.4792  475.0   91.0    0.0  -90.0       1.0000    2437 2012 033 13 34 40.700
MSVF     MXN       -17.7448  178.0528  801.1  100.0    0.0    0.0       1.0000    2437 2012 033 13 34 40.700
MSVF     MXE       -17.7448  178.0528  801.1  100.0   90.0    0.0       1.0000    2437 2012 033 13 34 40.700
MSVF     MXZ       -17.7448  178.0528  801.1  100.0    0.0  -90.0       1.0000    2437 2012 033 13 34 40.700
NIL      MXN        33.6506   73.2686  629.0   68.0    0.0    0.0       1.0000    2437 2012 033 13 34 40.700
NIL      MXE        33.6506   73.2686  629.0   68.0   90.0    0.0       1.0000    2437 2012 033 13 34 40.700
NIL      MXZ        33.6506   73.2686  629.0   68.0    0.0  -90.0       1.0000    2437 2012 033 13 34 40.700
NNA      MXN       -11.9875  -76.8422  575.0   40.0    0.0    0.0       1.0000    2437 2012 033 13 34 40.700
NNA      MXE       -11.9875  -76.8422  575.0   40.0   90.0    0.0       1.0000    2437 2012 033 13 34 40.700
NNA      MXZ       -11.9875  -76.8422  575.0   40.0    0.0  -90.0       1.0000    2437 2012 033 13 34 40.700
NRIL     MXN        69.5049   88.4414   92.0  506.0    0.0    0.0       1.0000    2437 2012 033 13 34 40.700
NRIL     MXE        69.5049   88.4414   92.0  506.0   90.0    0.0       1.0000    2437 2012 033 13 34 40.700
NRIL     MXZ        69.5049   88.4414   92.0  506.0    0.0  -90.0       1.0000    2437 2012 033 13 34 40.700
NVS      MXN        54.8404   83.2346  150.0    0.0    0.0    0.0       1.0000    2437 2012 033 13 34 40.700
NVS      MXE        54.8404   83.2346  150.0    0.0   90.0    0.0       1.0000    2437 2012 033 13 34 40.700
NVS      MXZ        54.8404   83.2346  150.0    0.0    0.0  -90.0       1.0000    2437 2012 033 13 34 40.700
OBN      MXN        55.1146   36.5674  160.0   30.0    0.0    0.0       1.0000    2437 2012 033 13 34 40.700
OBN      MXE        55.1146   36.5674  160.0   30.0   90.0    0.0       1.0000    2437 2012 033 13 34 40.700
OBN      MXZ        55.1146   36.5674  160.0   30.0    0.0  -90.0       1.0000    2437 2012 033 13 34 40.700
PALK     MXN         7.2728   80.7022  460.0   90.0    0.0    0.0       1.0000    2437 2012 033 13 34 40.700
PALK     MXE         7.2728   80.7022  460.0   90.0   90.0    0.0       1.0000    2437 2012 033 13 34 40.700
PALK     MXZ         7.2728   80.7022  460.0   90.0    0.0  -90.0       1.0000    2437 2012 033 13 34 40.700
RAYN     MXN        23.5225   45.5032  631.0    2.0    0.0    0.0       1.0000    2437 2012 033 13 34 40.700
RAYN     MXE        23.5225   45.5032  631.0    2.0   90.0    0.0       1.0000    2437 2012 033 13 34 40.700
RAYN     MXZ        23.5225   45.5032  631.0    2.0    0.0  -90.0       1.0000    2437 2012 033 13 34 40.700
RPN      MXN       -27.1267 -109.3344  110.0    0.0    0.0    0.0       1.0000    2437 2012 033 13 34 40.700
RPN      MXE       -27.1267 -109.3344  110.0    0.0   90.0    0.0       1.0000    2437 2012 033 13 34 40.700
RPN      MXZ       -27.1267 -109.3344  110.0    0.0    0.0  -90.0       1.0000    2437 2012 033 13 34 40.700
SACV     MXN        14.9702  -23.6085  387.0   97.0    0.0    0.0       1.0000    2437 2012 033 13 34 40.700
SACV     MXE        14.9702  -23.6085  387.0   97.0   90.0    0.0       1.0000    2437 2012 033 13 34 40.700
SACV     MXZ        14.9702  -23.6085  387.0   97.0    0.0  -90.0       1.0000    2437 2012 033 13 34 40.700
SHEL     MXN       -15.9588   -5.7457  537.0   60.0    0.0    0.0       1.0000    2437 2012 033 13 34 40.700
SHEL     MXE       -15.9588   -5.7457  537.0   60.0   90.0    0.0       1.0000    2437 2012 033 13 34 40.700
SHEL     MXZ       -15.9588   -5.7457  537.0   60.0    0.0  -90.0       1.0000    2437 2012 033 13 34 40.700
SUR      MXN       -32.3797   20.8117 1770.0    0.0    0.0    0.0       1.0000    2437 2012 033 13 34 40.700
SUR      MXE       -32.3797   20.8117 1770.0    0.0   90.0    0.0       1.0000    2437 2012 033 13 34 40.700
SUR      MXZ       -32.3797   20.8117 1770.0    0.0    0.0  -90.0       1.0000    2437 2012 033 13 34 40.700
TAU      MXN       -42.9099  147.3204  132.0    0.0    0.0    0.0       1.0000    2437 2012 033 13 34 40.700
TAU      MXE       -42.9099  147.3204  132.0    0.0   90.0    0.0       1.0000    2437 2012 033 13 34 40.700
TAU      MXZ       -42.9099  147.3204  132.0    0.0    0.0  -90.0       1.0000    2437 2012 033 13 34 40.700
TLY      MXN        51.6807  103.6438  579.0   20.0    0.0    0.0       1.0000    2437 2012 033 13 34 40.700
TLY      MXE        51.6807  103.6438  579.0   20.0   90.0    0.0       1.0000    2437 2012 033 13 34 40.700
TLY      MXZ        51.6807  103.6438  579.0   20.0    0.0  -90.0       1.0000    2437 2012 033 13 34 40.700
UOSS     MXN        24.9453   56.2042  284.4    0.0    0.0    0.0       1.0000    2437 2012 033 13 34 40.700
UOSS     MXE        24.9453   56.2042  284.4    0.0   90.0    0.0       1.0000    2437 2012 033 13 34 40.700
UOSS     MXZ        24.9453   56.2042  284.4    0.0    0.0  -90.0       1.0000    2437 2012 033 13 34 40.700
WRAB     MXN       -19.9336  134.3600  366.0  100.0    0.0    0.0       1.0000    2437 2012 033 13 34 40.700
WRAB     MXE       -19.9336  134.3600  366.0  100.0   90.0    0.0       1.0000    2437 2012 033 13 34 40.700
WRAB     MXZ       -19.9336  134.3600  366.0  100.0    0.0  -90.0       1.0000    2437 2012 033 13 34 40.700
XPFO     MXN        33.6107 -116.4555 1280.0    0.0    0.0    0.0       1.0000    2437 2012 033 13 34 40.700
XPFO     MXE        33.6107 -116.4555 1280.0    0.0   90.0    0.0       1.0000    2437 2012 033 13 34 40.700
XPFO     MXZ        33.6107 -116.4555 1280.0    0.0    0.0  -90.0       1.0000    2437 2012 033 13 34 40.700
AAE      MXN         9.0292   38.7656 2442.0    0.0    0.0    0.0       1.0000    2437 2012 033 13 34 40.700
AAE      MXE         9.0292   38.7656 2442.0    0.0   90.0    0.0       1.0000    2437 2012 033 13 34 40.700
AAE      MXZ         9.0292   38.7656 2442.0    0.0    0.0  -90.0       1.0000    2437 2012 033 13 34 40.700
ADK      MXN        51.8823 -176.6842  130.0    0.0    0.0    0.0       1.0000    2437 2012 033 13 34 40.700
ADK      MXE        51.8823 -176.6842  130.0    0.0   90.0    0.0       1.0000    2437 2012 033 13 34 40.700
ADK      MXZ        51.8823 -176.6842  130.0    0.0    0.0  -90.0       1.0000    2437 2012 033 13 34 40.700
AFI      MXN       -13.9093 -171.7773  705.0    1.0    0.0    0.0       1.0000    2437 2012 033 13 34 40.700
AFI      MXE       -13.9093 -171.7773  705.0    1.0   90.0    0.0       1.0000    2437 2012 033 13 34 40.700
AFI      MXZ       -13.9093 -171.7773  705.0    1.0    0.0  -90.0       1.0000    2437 2012 033 13 34 40.700
ANMO     MXN        34.9459 -106.4572 1720.0  100.0    0.0    0.0       1.0000    2437 2012 033 13 34 40.700
ANMO     MXE        34.9459 -106.4572 1720.0  100.0   90.0    0.0       1.0000    2437 2012 033 13 34 40.700
ANMO     MXZ        34.9459 -106.4572 1720.0  100.0    0.0  -90.0       1.0000    2437 2012 033 13 34 40.700
ANTO     MXN        39.8680   32.7934  895.0  195.0    0.0    0.0       1.0000    2437 2012 033 13 34 40.700
ANTO     MXE        39.8680   32.7934  895.0  195.0   90.0    0.0       1.0000    2437 2012 033 13 34 40.700
ANTO     MXZ        39.8680   32.7934  895.0  195.0    0.0  -90.0       1.0000    2437 2012 033 13 34 40.700
BBSR     MXN        32.3713  -64.6963   -1.3   31.4    0.0    0.0       1.0000    2437 2012 033 13 34 40.700
BBSR     MXE        32.3713  -64.6963   -1.3   31.4   90.0    0.0       1.0000    2437 2012 033 13 34 40.700
BBSR     MXZ        32.3713  -64.6963   -1.3   31.4    0.0  -90.0       1.0000    2437 2012 033 13 34 40.700
BILL     MXN        68.0653  166.4531  320.0    0.0    0.0    0.0       1.0000    2437 2012 033 13 34 40.700
BILL     MXE        68.0653  166.4531  320.0    0.0   90.0    0.0       1.0000    2437 2012 033 13 34 40.700
BILL     MXZ        68.0653  166.4531  320.0    0.0    0.0  -90.0       1.0000    2437 2012 033 13 34 40.700
BOCO     MXN         4.5869  -74.0432 3137.0   23.0    0.0    0.0       1.0000    2437 2012 033 13 34 40.700
BOCO     MXE         4.5869  -74.0432 3137.0   23.0   90.0    0.0       1.0000    2437 2012 033 13 34 40.700
BOCO     MXZ         4.5869  -74.0432 3137.0   23.0    0.0  -90.0       1.0000    2437 2012 033 13 34 40.700
CASY     MXN       -66.2792  110.5354    5.0    5.0    0.0    0.0       1.0000    2437 2012 033 13 34 40.700
CASY     MXE       -66.2792  110.5354    5.0    5.0   90.0    0.0       1.0000    2437 2012 033 13 34 40.700
CASY     MXZ       -66.2792  110.5354    5.0    5.0    0.0  -90.0       1.0000    2437 2012 033 13 34 40.700
CCM      MXN        38.0557  -91.2446  171.0   51.0    0.0    0.0       1.0000    2437 2012 033 13 34 40.700
CCM      MXE        38.0557  -91.2446  171.0   51.0   90.0    0.0       1.0000    2437 2012 033 13 34 40.700
CCM      MXZ        38.0557  -91.2446  171.0   51.0    0.0  -90.0       1.0000    2437 2012 033 13 34 40.700
CHTO     MXN        18.8141   98.9443  420.0    0.0    0.0    0.0       1.0000    2437 2012 033 13 34 40.700
CHTO     MXE        18.8141   98.9443  420.0    0.0   90.0    0.0       1.0000    2437 2012 033 13 34 40.700
CHTO     MXZ        18.8141   98.9443  420.0    0.0    0.0  -90.0       1.0000    2437 2012 033 13 34 40.700
COLA     MXN        64.8736 -147.8616  200.0    0.0    0.0    0.0       1.0000    2437 2012 033 13 34 40.700
COLA     MXE        64.8736 -147.8616  200.0    0.0   90.0    0.0       1.0000    2437 2012 033 13 34 40.700
COLA     MXZ        64.8736 -147.8616  200.0    0.0    0.0  -90.0       1.0000    2437 2012 033 13 34 40.700
COR      MXN        44.5855 -123.3046  110.0    0.0    0.0    0.0       1.0000    2437 2012 033 13 34 40.700
COR      MXE        44.5855 -123.3046  110.0    0.0   90.0    0.0       1.0000    2437 2012 033 13 34 40.700
COR      MXZ        44.5855 -123.3046  110.0    0.0    0.0  -90.0       1.0000    2437 2012 033 13 34 40.700
CTAO     MXN       -20.0882  146.2545  320.0   37.0    0.0    0.0       1.0000    2437 2012 033 13 34 40.700
CTAO     MXE       -20.0882  146.2545  320.0   37.0   90.0    0.0       1.0000    2437 2012 033 13 34 40.700
CTAO     MXZ       -20.0882  146.2545  320.0   37.0    0.0  -90.0       1.0000    2437 2012 033 13 34 40.700
DAV      MXN         7.0697  125.5791  149.0    1.0    0.0    0.0       1.0000    2437 2012 033 13 34 40.700
DAV      MXE         7.0697  125.5791  149.0    1.0   90.0    0.0       1.0000    2437 2012 033 13 34 40.700
DAV      MXZ         7.0697  125.5791  149.0    1.0    0.0  -90.0       1.0000    2437 2012 033 13 34 40.700
DWPF     MXN        28.1103  -81.4327 -132.0  162.0    0.0    0.0       1.0000    2437 2012 033 13 34 40.700
DWPF     MXE        28.1103  -81.4327 -132.0  162.0   90.0    0.0       1.0000    2437 2012 033 13 34 40.700
DWPF     MXZ        28.1103  -81.4327 -132.0  162.0    0.0  -90.0       1.0000    2437 2012 033 13 34 40.700
FUNA     MXN        -8.5259  179.1966   19.0    1.0    0.0    0.0       1.0000    2437 2012 033 13 34 40.700
FUNA     MXE        -8.5259  179.1966   19.0    1.0   90.0    0.0       1.0000    2437 2012 033 13 34 40.700
FUNA     MXZ        -8.5259  179.1966   19.0    1.0    0.0  -90.0       1.0000    2437 2012 033 13 34 40.700
FURI     MXN         8.8952   38.6798 2565.0    5.0    0.0    0.0       1.0000    2437 2012 033 13 34 40.700
FURI     MXE         8.8952   38.6798 2565.0    5.0   90.0    0.0       1.0000    2437 2012 033 13 34 40.700
FURI     MXZ         8.8952   38.6798 2565.0    5.0    0.0  -90.0       1.0000    2437 2012 033 13 34 40.700
GNI      MXN        40.1480   44.7410 1509.0  100.0    0.0    0.0       1.0000    2437 2012 033 13 34 40.700
GNI      MXE        40.1480   44.7410 1509.0  100.0   90.0    0.0       1.0000    2437 2012 033 13 34 40.700
GNI      MXZ        40.1480   44.7410 1509.0  100.0    0.0  -90.0       1.0000    2437 2012 033 13 34 40.700
GRFO     MXN        49.6909   11.2203  384.0  116.0    0.0    0.0       1.0000    2437 2012 033 13 34 40.700
GRFO     MXE        49.6909   11.2203  384.0  116.0   90.0    0.0       1.0000    2437 2012 033 13 34 40.700
GRFO     MXZ        49.6909   11.2203  384.0  116.0    0.0  -90.0       1.0000    2437 2012 033 13 34 40.700
GUMO     MXN        13.5893  144.8684   61.0  109.0    0.0    0.0       1.0000    2437 2012 033 13 34 40.700
GUMO     MXE        13.5893  144.8684   61.0  109.0   90.0    0.0       1.0000    2437 2012 033 13 34 40.700
GUMO     MXZ        13.5893  144.8684   61.0  109.0    0.0  -90.0       1.0000    2437 2012 033 13 34 40.700
HKT      MXN        29.9618  -95.8384 -413.0  450.0    0.0    0.0       1.0000    2437 2012 033 13 34 40.700
HKT      MXE        29.9618  -95.8384 -413.0  450.0   90.0    0.0       1.0000    2437 2012 033 13 34 40.700
HKT      MXZ        29.9618  -95.8384 -413.0  450.0    0.0  -90.0       1.0000    2437 2012 033 13 34 40.700
HNR      MXN        -9.4387  159.9475    0.0  100.0    0.0    0.0       1.0000    2437 2012 033 13 34 40.700
HNR      MXE        -9.4387  159.9475    0.0  100.0   90.0    0.0       1.0000    2437 2012 033 13 34 40.700
HNR      MXZ        -9.4387  159.9475    0.0  100.0    0.0  -90.0       1.0000    2437 2012 033 13 34 40.700
HRV      MXN        42.5064  -71.5583  200.0    0.0    0.0    0.0       1.0000    2437 2012 033 13 34 40.700
HRV      MXE        42.5064  -71.5583  200.0    0.0   90.0    0.0       1.0000    2437 2012 033 13 34 40.700
HRV      MXZ        42.5064  -71.5583  200.0    0.0    0.0  -90.0       1.0000    2437 2012 033 13 34 40.700
INCN     MXN        37.4776  126.6239   79.0    1.0    0.0    0.0       1.0000    2437 2012 033 13 34 40.700
INCN     MXE        37.4776  126.6239   79.0    1.0   90.0    0.0       1.0000    2437 2012 033 13 34 40.700
INCN     MXZ        37.4776  126.6239   79.0    1.0    0.0  -90.0       1.0000    2437 2012 033 13 34 40.700
JOHN     MXN        16.7329 -169.5292  -37.0   39.0    0.0    0.0       1.0000    2437 2012 033 13 34 40.700
JOHN     MXE        16.7329 -169.5292  -37.0   39.0   90.0    0.0       1.0000    2437 2012 033 13 34 40.700
JOHN     MXZ        16.7329 -169.5292  -37.0   39.0    0.0  -90.0       1.0000    2437 2012 033 13 34 40.700
KBS      MXN        78.9154   11.9385   90.0    3.0    0.0    0.0       1.0000    2437 2012 033 13 34 40.700
KBS      MXE        78.9154   11.9385   90.0    3.0   90.0    0.0       1.0000    2437 2012 033 13 34 40.700
KBS      MXZ        78.9154   11.9385   90.0    3.0    0.0  -90.0       1.0000    2437 2012 033 13 34 40.700
KEV      MXN        69.7565   27.0035   85.0   15.0    0.0    0.0       1.0000    2437 2012 033 13 34 40.700
KEV      MXE        69.7565   27.0035   85.0   15.0   90.0    0.0       1.0000    2437 2012 033 13 34 40.700
KEV      MXZ        69.7565   27.0035   85.0   15.0    0.0  -90.0       1.0000    2437 2012 033 13 34 40.700
KIEV     MXN        50.7012   29.2242  140.0   40.0    0.0    0.0       1.0000    2437 2012 033 13 34 40.700
KIEV     MXE        50.7012   29.2242  140.0   40.0   90.0    0.0       1.0000    2437 2012 033 13 34 40.700
KIEV     MXZ        50.7012   29.2242  140.0   40.0    0.0  -90.0       1.0000    2437 2012 033 13 34 40.700
KIP      MXN        21.4233 -158.0150   37.0   33.0    0.0    0.0       1.0000    2437 2012 033 13 34 40.700
KIP      MXE        21.4233 -158.0150   37.0   33.0   90.0    0.0       1.0000    2437 2012 033 13 34 40.700
KIP      MXZ        21.4233 -158.0150   37.0   33.0    0.0  -90.0       1.0000    2437 2012 033 13 34 40.700
KMBO     MXN        -1.1271   37.2525 1930.0   20.0    0.0    0.0       1.0000    2437 2012 033 13 34 40.700
KMBO     MXE        -1.1271   37.2525 1930.0   20.0   90.0    0.0       1.0000    2437 2012 033 13 34 40.700
KMBO     MXZ        -1.1271   37.2525 1930.0   20.0    0.0  -90.0       1.0000    2437 2012 033 13 34 40.700
KNTN     MXN        -2.7744 -171.7186   18.0    2.0    0.0    0.0       1.0000    2437 2012 033 13 34 40.700
KNTN     MXE        -2.7744 -171.7186   18.0    2.0   90.0    0.0       1.0000    2437 2012 033 13 34 40.700
KNTN     MXZ        -2.7744 -171.7186   18.0    2.0    0.0  -90.0       1.0000    2437 2012 033 13 34 40.700
KONO     MXN        59.6491    9.5982  216.0  340.0    0.0    0.0       1.0000    2437 2012 033 13 34 40.700
KONO     MXE        59.6491    9.5982  216.0  340.0   90.0    0.0       1.0000    2437 2012 033 13 34 40.700
KONO     MXZ        59.6491    9.5982  216.0  340.0    0.0  -90.0       1.0000    2437 2012 033 13 34 40.700
KOWA     MXN        14.4967   -4.0140  316.0    5.0    0.0    0.0       1.0000    2437 2012 033 13 34 40.700
KOWA     MXE        14.4967   -4.0140  316.0    5.0   90.0    0.0       1.0000    2437 2012 033 13 34 40.700
KOWA     MXZ        14.4967   -4.0140  316.0    5.0    0.0  -90.0       1.0000    2437 2012 033 13 34 40.700
LCO      MXN       -29.0110  -70.7004 2300.0    0.0    0.0    0.0       1.0000    2437 2012 033 13 34 40.700
LCO      MXE       -29.0110  -70.7004 2300.0    0.0   90.0    0.0       1.0000    2437 2012 033 13 34 40.700
LCO      MXZ       -29.0110  -70.7004 2300.0    0.0    0.0  -90.0       1.0000    2437 2012 033 13 34 40.700
LSZ      MXN       -15.2779   28.1882 1200.0    0.0    0.0    0.0       1.0000    2437 2012 033 13 34 40.700
LSZ      MXE       -15.2779   28.1882 1200.0    0.0   90.0    0.0       1.0000    2437 2012 033 13 34 40.700
LSZ      MXZ       -15.2779   28.1882 1200.0    0.0    0.0  -90.0       1.0000    2437 2012 033 13 34 40.700
LVC      MXN       -22.6127  -68.9111 2930.0   30.0    0.0    0.0       1.0000    2437 2012 033 13 34 40.700
LVC      MXE       -22.6127  -68.9111 2930.0   30.0   90.0    0.0       1.0000    2437 2012 033 13 34 40.700
LVC      MXZ       -22.6127  -68.9111 2930.0   30.0    0.0  -90.0       1.0000    2437 2012 033 13 34 40.700
MA2      MXN        59.5756  150.7700  337.0    2.0    0.0    0.0       1.0000    2437 2012 033 13 34 40.700
MA2      MXE        59.5756  150.7700  337.0    2.0   90.0    0.0       1.0000    2437 2012 033 13 34 40.700
MA2      MXZ        59.5756  150.7700  337.0    2.0    0.0  -90.0       1.0000    2437 2012 033 13 34 40.700
MAJO     MXN        36.5457  138.2041  405.0    0.0    0.0    0.0       1.0000    2437 2012 033 13 34 40.700
MAJO     MXE        36.5457  138.2041  405.0    0.0   90.0    0.0       1.0000    2437 2012 033 13 34 40.700
MAJO     MXZ        36.5457  138.2041  405.0    0.0    0.0  -90.0       1.0000    2437 2012 033 13 34 40.700
MAKZ     MXN        46.8080   81.9770  590.0   10.0    0.0    0.0       1.0000    2437 2012 033 13 34 40.700
MAKZ     MXE        46.8080   81.9770  590.0   10.0   90.0    0.0       1.0000    2437 2012 033 13 34 40.700
MAKZ     MXZ        46.8080   81.9770  590.0   10.0    0.0  -90.0       1.0000    2437 2012 033 13 34 40.700
MBWA     MXN       -21.1590  119.7313  181.0    9.0    0.0    0.0       1.0000    2437 2012 033 13 34 40.700
MBWA     MXE       -21.1590  119.7313  181.0    9.0   90.0    0.0       1.0000    2437 2012 033 13 34 40.700
MBWA     MXZ       -21.1590  119.7313  181.0    9.0    0.0  -90.0       1.0000    2437 2012 033 13 34 40.700
MIDW     MXN        28.2155 -177.3697   17.8    1.0    0.0    0.0       1.0000    2437 2012 033 13 34 40.700
MIDW     MXE        28.2155 -177.3697   17.8    1.0   90.0    0.0       1.0000    2437 2012 033 13 34 40.700
MIDW     MXZ        28.2155 -177.3697   17.8    1.0    0.0  -90.0       1.0000    2437 2012 033 13 34 40.700
MSKU     MXN        -1.6557   13.6116  287.0   25.0    0.0    0.0       1.0000    2437 2012 033 13 34 40.700
MSKU     MXE        -1.6557   13.6116  287.0   25.0   90.0    0.0       1.0000    2437 2012 033 13 34 40.700
MSKU     MXZ        -1.6557   13.6116  287.0   25.0    0.0  -90.0       1.0000    2437 2012 033 13 34 40.700
NAI      MXN        -1.2739   36.8037 1692.0    0.0    0.0    0.0       1.0000    2437 2012 033 13 34 40.700
NAI      MXE        -1.2739   36.8037 1692.0    0.0   90.0    0.0       1.0000    2437 2012 033 13 34 40.700
NAI      MXZ        -1.2739   36.8037 1692.0    0.0    0.0  -90.0       1.0000    2437 2012 033 13 34 40.700
NWAO     MXN       -32.9277  117.2390  370.9    9.1    0.0    0.0       1.0000    2437 2012 033 13 34 40.700
NWAO     MXE       -32.9277  117.2390  370.9    9.1   90.0    0.0       1.0000    2437 2012 033 13 34 40.700
NWAO     MXZ       -32.9277  117.2390  370.9    9.1    0.0  -90.0       1.0000    2437 2012 033 13 34 40.700
OTAV     MXN         0.2376  -78.4508 3495.0   15.0    0.0    0.0       1.0000    2437 2012 033 13 34 40.700
OTAV     MXE         0.2376  -78.4508 3495.0   15.0   90.0    0.0       1.0000    2437 2012 033 13 34 40.700
OTAV     MXZ         0.2376  -78.4508 3495.0   15.0    0.0  -90.0       1.0000    2437 2012 033 13 34 40.700
PAB      MXN        39.5446   -4.3499  950.0    0.0    0.0    0.0       1.0000    2437 2012 033 13 34 40.700
PAB      MXE        39.5446   -4.3499  950.0    0.0   90.0    0.0       1.0000    2437 2012 033 13 34 40.700
PAB      MXZ        39.5446   -4.3499  950.0    0.0    0.0  -90.0       1.0000    2437 2012 033 13 34 40.700
PAYG     MXN        -0.6742  -90.2861  170.0  100.0    0.0    0.0       1.0000    2437 2012 033 13 34 40.700
PAYG     MXE        -0.6742  -90.2861  170.0  100.0   90.0    0.0       1.0000    2437 2012 033 13 34 40.700
PAYG     MXZ        -0.6742  -90.2861  170.0  100.0    0.0  -90.0       1.0000    2437 2012 033 13 34 40.700
PET      MXN        53.0233  158.6499  105.0    5.0    0.0    0.0       1.0000    2437 2012 033 13 34 40.700
PET      MXE        53.0233  158.6499  105.0    5.0   90.0    0.0       1.0000    2437 2012 033 13 34 40.700
PET      MXZ        53.0233  158.6499  105.0    5.0    0.0  -90.0       1.0000    2437 2012 033 13 34 40.700
PMG      MXN        -9.4047  147.1597   90.0    0.0    0.0    0.0       1.0000    2437 2012 033 13 34 40.700
PMG      MXE        -9.4047  147.1597   90.0    0.0   90.0    0.0       1.0000    2437 2012 033 13 34 40.700
PMG      MXZ        -9.4047  147.1597   90.0    0.0    0.0  -90.0       1.0000    2437 2012 033 13 34 40.700
PMSA     MXN       -64.7744  -64.0489   40.0    0.0    0.0    0.0       1.0000    2437 2012 033 13 34 40.700
PMSA     MXE       -64.7744  -64.0489   40.0    0.0   90.0    0.0       1.0000    2437 2012 033 13 34 40.700
PMSA     MXZ       -64.7744  -64.0489   40.0    0.0    0.0  -90.0       1.0000    2437 2012 033 13 34 40.700
POHA     MXN        19.7573 -155.5326 1910.0   80.0    0.0    0.0       1.0000    2437 2012 033 13 34 40.700
POHA     MXE        19.7573 -155.5326 1910.0   80.0   90.0    0.0       1.0000    2437 2012 033 13 34 40.700
POHA     MXZ        19.7573 -155.5326 1910.0   80.0    0.0  -90.0       1.0000    2437 2012 033 13 34 40.700
PTCN     MXN       -25.0713 -130.0953  218.0    2.0    0.0    0.0       1.0000    2437 2012 033 13 34 40.700
PTCN     MXE       -25.0713 -130.0953  218.0    2.0   90.0    0.0       1.0000    2437 2012 033 13 34 40.700
PTCN     MXZ       -25.0713 -130.0953  218.0    2.0    0.0  -90.0       1.0000    2437 2012 033 13 34 40.700
PTGA     MXN        -0.7308  -59.9666  141.0   96.0    0.0    0.0       1.0000    2437 2012 033 13 34 40.700
PTGA     MXE        -0.7308  -59.9666  141.0   96.0   90.0    0.0       1.0000    2437 2012 033 13 34 40.700
PTGA     MXZ        -0.7308  -59.9666  141.0   96.0    0.0  -90.0       1.0000    2437 2012 033 13 34 40.700
QSPA     MXN       -89.9289  144.4382 2847.0    3.0    0.0    0.0       1.0000    2437 2012 033 13 34 40.700
QSPA     MXE       -89.9289  144.4382 2847.0    3.0   90.0    0.0       1.0000    2437 2012 033 13 34 40.700
QSPA     MXZ       -89.9289  144.4382 2847.0    3.0    0.0  -90.0       1.0000    2437 2012 033 13 34 40.700
RAIO     MXN        46.0403 -122.8851   11.0    0.0    0.0    0.0       1.0000    2437 2012 033 13 34 40.700
RAIO     MXE        46.0403 -122.8851   11.0    0.0   90.0    0.0       1.0000    2437 2012 033 13 34 40.700
RAIO     MXZ        46.0403 -122.8851   11.0    0.0    0.0  -90.0       1.0000    2437 2012 033 13 34 40.700
RAO      MXN       -29.2450 -177.9290   59.5    0.5    0.0    0.0       1.0000    2437 2012 033 13 34 40.700
RAO      MXE       -29.2450 -177.9290   59.5    0.5   90.0    0.0       1.0000    2437 2012 033 13 34 40.700
RAO      MXZ       -29.2450 -177.9290   59.5    0.5    0.0  -90.0       1.0000    2437 2012 033 13 34 40.700
RAR      MXN       -21.2125 -159.7733  -72.0  100.0    0.0    0.0       1.0000    2437 2012 033 13 34 40.700
RAR      MXE       -21.2125 -159.7733  -72.0  100.0   90.0    0.0       1.0000    2437 2012 033 13 34 40.700
RAR      MXZ       -21.2125 -159.7733  -72.0  100.0    0.0  -90.0       1.0000    2437 2012 033 13 34 40.700
RCBR     MXN        -5.8274  -35.9014  291.0  109.0    0.0    0.0       1.0000    2437 2012 033 13 34 40.700
RCBR     MXE        -5.8274  -35.9014  291.0  109.0   90.0    0.0       1.0000    2437 2012 033 13 34 40.700
RCBR     MXZ        -5.8274  -35.9014  291.0  109.0    0.0  -90.0       1.0000    2437 2012 033 13 34 40.700
RSSD     MXN        44.1212 -104.0359 2022.7   67.3    0.0    0.0       1.0000    2437 2012 033 13 34 40.700
RSSD     MXE        44.1212 -104.0359 2022.7   67.3   90.0    0.0       1.0000    2437 2012 033 13 34 40.700
RSSD     MXZ        44.1212 -104.0359 2022.7   67.3    0.0  -90.0       1.0000    2437 2012 033 13 34 40.700
SAML     MXN        -8.9489  -63.1831  120.0    0.0    0.0    0.0       1.0000    2437 2012 033 13 34 40.700
SAML     MXE        -8.9489  -63.1831  120.0    0.0   90.0    0.0       1.0000    2437 2012 033 13 34 40.700
SAML     MXZ        -8.9489  -63.1831  120.0    0.0    0.0  -90.0       1.0000    2437 2012 033 13 34 40.700
SBA      MXN       -77.8492  166.7572   48.0    2.0    0.0    0.0       1.0000    2437 2012 033 13 34 40.700
SBA      MXE       -77.8492  166.7572   48.0    2.0   90.0    0.0       1.0000    2437 2012 033 13 34 40.700
SBA      MXZ       -77.8492  166.7572   48.0    2.0    0.0  -90.0       1.0000    2437 2012 033 13 34 40.700
SDV      MXN         8.8839  -70.6340 1588.0   32.0    0.0    0.0       1.0000    2437 2012 033 13 34 40.700
SDV      MXE         8.8839  -70.6340 1588.0   32.0   90.0    0.0       1.0000    2437 2012 033 13 34 40.700
SDV      MXZ         8.8839  -70.6340 1588.0   32.0    0.0  -90.0       1.0000    2437 2012 033 13 34 40.700
SFJD     MXN        66.9961  -50.6208  329.0    1.0    0.0    0.0       1.0000    2437 2012 033 13 34 40.700
SFJD     MXE        66.9961  -50.6208  329.0    1.0   90.0    0.0       1.0000    2437 2012 033 13 34 40.700
SFJD     MXZ        66.9961  -50.6208  329.0    1.0    0.0  -90.0       1.0000    2437 2012 033 13 34 40.700
SJG      MXN        18.1091  -66.1500  420.0    0.0    0.0    0.0       1.0000    2437 2012 033 13 34 40.700
SJG      MXE        18.1091  -66.1500  420.0    0.0   90.0    0.0       1.0000    2437 2012 033 13 34 40.700
SJG      MXZ        18.1091  -66.1500  420.0    0.0    0.0  -90.0       1.0000    2437 2012 033 13 34 40.700
SLBS     MXN        23.6858 -109.9443  825.0    0.0    0.0    0.0       1.0000    2437 2012 033 13 34 40.700
SLBS     MXE        23.6858 -109.9443  825.0    0.0   90.0    0.0       1.0000    2437 2012 033 13 34 40.700
SLBS     MXZ        23.6858 -109.9443  825.0    0.0    0.0  -90.0       1.0000    2437 2012 033 13 34 40.700
SNZO     MXN       -41.3087  174.7043   20.0  100.0    0.0    0.0       1.0000    2437 2012 033 13 34 40.700
SNZO     MXE       -41.3087  174.7043   20.0  100.0   90.0    0.0       1.0000    2437 2012 033 13 34 40.700
SNZO     MXZ       -41.3087  174.7043   20.0  100.0    0.0  -90.0       1.0000    2437 2012 033 13 34 40.700
SSPA     MXN        40.6358  -77.8876  170.0  100.0    0.0    0.0       1.0000    2437 2012 033 13 34 40.700
SSPA     MXE        40.6358  -77.8876  170.0  100.0   90.0    0.0       1.0000    2437 2012 033 13 34 40.700
SSPA     MXZ        40.6358  -77.8876  170.0  100.0    0.0  -90.0       1.0000    2437 2012 033 13 34 40.700
TARA     MXN         1.3549  172.9229   19.0    1.0    0.0    0.0       1.0000    2437 2012 033 13 34 40.700
TARA     MXE         1.3549  172.9229   19.0    1.0   90.0    0.0       1.0000    2437 2012 033 13 34 40.700
TARA     MXZ         1.3549  172.9229   19.0    1.0    0.0  -90.0       1.0000    2437 2012 033 13 34 40.700
TATO     MXN        24.9735  121.4971   77.1   82.9    0.0    0.0       1.0000    2437 2012 033 13 34 40.700
TATO     MXE        24.9735  121.4971   77.1   82.9   90.0    0.0       1.0000    2437 2012 033 13 34 40.700
TATO     MXZ        24.9735  121.4971   77.1   82.9    0.0  -90.0       1.0000    2437 2012 033 13 34 40.700
TBT      MXN        28.6794  -17.9145  180.0   40.0    0.0    0.0       1.0000    2437 2012 033 13 34 40.700
TBT      MXE        28.6794  -17.9145  180.0   40.0   90.0    0.0       1.0000    2437 2012 033 13 34 40.700
TBT      MXZ        28.6794  -17.9145  180.0   40.0    0.0  -90.0       1.0000    2437 2012 033 13 34 40.700
TEIG     MXN        20.2263  -88.2763   15.0   25.0    0.0    0.0       1.0000    2437 2012 033 13 34 40.700
TEIG     MXE        20.2263  -88.2763   15.0   25.0   90.0    0.0       1.0000    2437 2012 033 13 34 40.700
TEIG     MXZ        20.2263  -88.2763   15.0   25.0    0.0  -90.0       1.0000    2437 2012 033 13 34 40.700
TIXI     MXN        71.6341  128.8667   40.0    0.0    0.0    0.0       1.0000    2437 2012 033 13 34 40.700
TIXI     MXE        71.6341  128.8667   40.0    0.0   90.0    0.0       1.0000    2437 2012 033 13 34 40.700
TIXI     MXZ        71.6341  128.8667   40.0    0.0    0.0  -90.0       1.0000    2437 2012 033 13 34 40.700
TOL      MXN        39.8814   -4.0485  480.0    0.0    0.0    0.0       1.0000    2437 2012 033 13 34 40.700
TOL      MXE        39.8814   -4.0485  480.0    0.0   90.0    0.0       1.0000    2437 2012 033 13 34 40.700
TOL      MXZ        39.8814   -4.0485  480.0    0.0    0.0  -90.0       1.0000    2437 2012 033 13 34 40.700
TRIS     MXN       -37.0681  -12.3152   58.0    2.0    0.0    0.0       1.0000    2437 2012 033 13 34 40.700
TRIS     MXE       -37.0681  -12.3152   58.0    2.0   90.0    0.0       1.0000    2437 2012 033 13 34 40.700
TRIS     MXZ       -37.0681  -12.3152   58.0    2.0    0.0  -90.0       1.0000    2437 2012 033 13 34 40.700
TRQA     MXN       -38.0568  -61.9787  439.0  101.0    0.0    0.0       1.0000    2437 2012 033 13 34 40.700
TRQA     MXE       -38.0568  -61.9787  439.0  101.0   90.0    0.0       1.0000    2437 2012 033 13 34 40.700
TRQA     MXZ       -38.0568  -61.9787  439.0  101.0    0.0  -90.0       1.0000    2437 2012 033 13 34 40.700
TSUM     MXN       -19.2022   17.5838 1260.0    0.0    0.0    0.0       1.0000    2437 2012 033 13 34 40.700
TSUM     MXE       -19.2022   17.5838 1260.0    0.0   90.0    0.0       1.0000    2437 2012 033 13 34 40.700
TSUM     MXZ       -19.2022   17.5838 1260.0    0.0    0.0  -90.0       1.0000    2437 2012 033 13 34 40.700
TUC      MXN        32.3098 -110.7847  909.0    1.0    0.0    0.0       1.0000    2437 2012 033 13 34 40.700
TUC      MXE        32.3098 -110.7847  909.0    1.0   90.0    0.0       1.0000    2437 2012 033 13 34 40.700
TUC      MXZ        32.3098 -110.7847  909.0    1.0    0.0  -90.0       1.0000    2437 2012 033 13 34 40.700
ULN      MXN        47.8651  107.0532 1610.0    0.0    0.0    0.0       1.0000    2437 2012 033 13 34 40.700
ULN      MXE        47.8651  107.0532 1610.0    0.0   90.0    0.0       1.0000    2437 2012 033 13 34 40.700
ULN      MXZ        47.8651  107.0532 1610.0    0.0    0.0  -90.0       1.0000    2437 2012 033 13 34 40.700
WAKE     MXN        19.2834  166.6520   19.0    1.0    0.0    0.0       1.0000    2437 2012 033 13 34 40.700
WAKE     MXE        19.2834  166.6520   19.0    1.0   90.0    0.0       1.0000    2437 2012 033 13 34 40.700
WAKE     MXZ        19.2834  166.6520   19.0    1.0    0.0  -90.0       1.0000    2437 2012 033 13 34 40.700
WCI      MXN        38.2289  -86.2939   78.0  132.0    0.0    0.0       1.0000    2437 2012 033 13 34 40.700
WCI      MXE        38.2289  -86.2939   78.0  132.0   90.0    0.0       1.0000    2437 2012 033 13 34 40.700
WCI      MXZ        38.2289  -86.2939   78.0  132.0    0.0  -90.0       1.0000    2437 2012 033 13 34 40.700
WVT      MXN        36.1297  -87.8300  170.0    0.0    0.0    0.0       1.0000    2437 2012 033 13 34 40.700
WVT      MXE        36.1297  -87.8300  170.0    0.0   90.0    0.0       1.0000    2437 2012 033 13 34 40.700
WVT      MXZ        36.1297  -87.8300  170.0    0.0    0.0  -90.0       1.0000    2437 2012 033 13 34 40.700
XMAS     MXN         2.0448 -157.4457   19.0    1.0    0.0    0.0       1.0000    2437 2012 033 13 34 40.700
XMAS     MXE         2.0448 -157.4457   19.0    1.0   90.0    0.0       1.0000    2437 2012 033 13 34 40.700
XMAS     MXZ         2.0448 -157.4457   19.0    1.0    0.0  -90.0       1.0000    2437 2012 033 13 34 40.700
YAK      MXN        62.0310  129.6805  110.0   14.0    0.0    0.0       1.0000    2437 2012 033 13 34 40.700
YAK      MXE        62.0310  129.6805  110.0   14.0   90.0    0.0       1.0000    2437 2012 033 13 34 40.700
YAK      MXZ        62.0310  129.6805  110.0   14.0    0.0  -90.0       1.0000    2437 2012 033 13 34 40.700
YSS      MXN        46.9587  142.7604  148.0    2.0    0.0    0.0       1.0000    2437 2012 033 13 34 40.700
YSS      MXE        46.9587  142.7604  148.0    2.0   90.0    0.0       1.0000    2437 2012 033 13 34 40.700
YSS      MXZ        46.9587  142.7604  148.0    2.0    0.0  -90.0       1.0000    2437 2012 033 13 34 40.700
RR01     MXN       -20.0069   55.4230  -4298    0.0   0.0    0.0       1.0000    2437 2012 033 13 34 40.700
RR01     MXE       -20.0069   55.4230  -4298    0.0  90.0    0.0       1.0000    2437 2012 033 13 34 40.700
RR01     MXZ       -20.0069   55.4230  -4298    0.0   0.0  -90.0       1.0000    2437 2012 033 13 34 40.700
RR02     MXN       -20.3392   54.4984  -4436    0.0   0.0    0.0       1.0000    2437 2012 033 13 34 40.700
RR02     MXE       -20.3392   54.4984  -4436    0.0  90.0    0.0       1.0000    2437 2012 033 13 34 40.700
RR02     MXZ       -20.3392   54.4984  -4436    0.0   0.0  -90.0       1.0000    2437 2012 033 13 34 40.700
RR03     MXN       -21.3732   54.1294  -4340    0.0   0.0    0.0       1.0000    2437 2012 033 13 34 40.700
RR03     MXE       -21.3732   54.1294  -4340    0.0  90.0    0.0       1.0000    2437 2012 033 13 34 40.700
RR03     MXZ       -21.3732   54.1294  -4340    0.0   0.0  -90.0       1.0000    2437 2012 033 13 34 40.700
RR04     MXN       -22.2553   55.3846  -4168    0.0   0.0    0.0       1.0000    2437 2012 033 13 34 40.700
RR04     MXE       -22.2553   55.3846  -4168    0.0  90.0    0.0       1.0000    2437 2012 033 13 34 40.700
RR04     MXZ       -22.2553   55.3846  -4168    0.0   0.0  -90.0       1.0000    2437 2012 033 13 34 40.700
RR05     MXN       -21.6626   56.6676  -4092    0.0   0.0    0.0       1.0000    2437 2012 033 13 34 40.700
RR05     MXE       -21.6626   56.6676  -4092    0.0  90.0    0.0       1.0000    2437 2012 033 13 34 40.700
RR05     MXZ       -21.6626   56.6676  -4092    0.0   0.0  -90.0       1.0000    2437 2012 033 13 34 40.700
RR06     MXN       -20.6550   56.7639  -4216    0.0   0.0    0.0       1.0000    2437 2012 033 13 34 40.700
RR06     MXE       -20.6550   56.7639  -4216    0.0  90.0    0.0       1.0000    2437 2012 033 13 34 40.700
RR06     MXZ       -20.6550   56.7639  -4216    0.0   0.0  -90.0       1.0000    2437 2012 033 13 34 40.700
RR07     MXN       -20.1945   59.4058  -4370    0.0   0.0    0.0       1.0000    2437 2012 033 13 34 40.700
RR07     MXE       -20.1945   59.4058  -4370    0.0  90.0    0.0       1.0000    2437 2012 033 13 34 40.700
RR07     MXZ       -20.1945   59.4058  -4370    0.0   0.0  -90.0       1.0000    2437 2012 033 13 34 40.700
RR08     MXN       -19.9259   61.2907  -4190    0.0   0.0    0.0       1.0000    2437 2012 033 13 34 40.700
RR08     MXE       -19.9259   61.2907  -4190    0.0  90.0    0.0       1.0000    2437 2012 033 13 34 40.700
RR08     MXZ       -19.9259   61.2907  -4190    0.0   0.0  -90.0       1.0000    2437 2012 033 13 34 40.700
RR09     MXN       -19.4924   64.4485  -2976    0.0   0.0    0.0       1.0000    2437 2012 033 13 34 40.700
RR09     MXE       -19.4924   64.4485  -2976    0.0  90.0    0.0       1.0000    2437 2012 033 13 34 40.700
RR09     MXZ       -19.4924   64.4485  -2976    0.0   0.0  -90.0       1.0000    2437 2012 033 13 34 40.700
RR10     MXN       -19.6437   65.7558  -2310    0.0   0.0    0.0       1.0000    2437 2012 033 13 34 40.700
RR10     MXE       -19.6437   65.7558  -2310    0.0  90.0    0.0       1.0000    2437 2012 033 13 34 40.700
RR10     MXZ       -19.6437   65.7558  -2310    0.0   0.0  -90.0       1.0000    2437 2012 033 13 34 40.700
RR11     MXN       -18.7784   65.4629  -3473    0.0   0.0    0.0       1.0000    2437 2012 033 13 34 40.700
RR11     MXE       -18.7784   65.4629  -3473    0.0  90.0    0.0       1.0000    2437 2012 033 13 34 40.700
RR11     MXZ       -18.7784   65.4629  -3473    0.0   0.0  -90.0       1.0000    2437 2012 033 13 34 40.700
RR12     MXN       -18.9255   63.6474  -3185    0.0   0.0    0.0       1.0000    2437 2012 033 13 34 40.700
RR12     MXE       -18.9255   63.6474  -3185    0.0  90.0    0.0       1.0000    2437 2012 033 13 34 40.700
RR12     MXZ       -18.9255   63.6474  -3185    0.0   0.0  -90.0       1.0000    2437 2012 033 13 34 40.700
RR13     MXN       -18.5427   60.5635  -4130    0.0   0.0    0.0       1.0000    2437 2012 033 13 34 40.700
RR13     MXE       -18.5427   60.5635  -4130    0.0  90.0    0.0       1.0000    2437 2012 033 13 34 40.700
RR13     MXZ       -18.5427   60.5635  -4130    0.0   0.0  -90.0       1.0000    2437 2012 033 13 34 40.700
RR14     MXN       -17.8448   62.5299  -3420    0.0   0.0    0.0       1.0000    2437 2012 033 13 34 40.700
RR14     MXE       -17.8448   62.5299  -3420    0.0  90.0    0.0       1.0000    2437 2012 033 13 34 40.700
RR14     MXZ       -17.8448   62.5299  -3420    0.0   0.0  -90.0       1.0000    2437 2012 033 13 34 40.700
RR15     MXN       -17.7402   58.3330  -3959    0.0   0.0    0.0       1.0000    2437 2012 033 13 34 40.700
RR15     MXE       -17.7402   58.3330  -3959    0.0  90.0    0.0       1.0000    2437 2012 033 13 34 40.700
RR15     MXZ       -17.7402   58.3330  -3959    0.0   0.0  -90.0       1.0000    2437 2012 033 13 34 40.700
RR16     MXN       -16.8976   56.5335  -4426    0.0   0.0    0.0       1.0000    2437 2012 033 13 34 40.700
RR16     MXE       -16.8976   56.5335  -4426    0.0  90.0    0.0       1.0000    2437 2012 033 13 34 40.700
RR16     MXZ       -16.8976   56.5335  -4426    0.0   0.0  -90.0       1.0000    2437 2012 033 13 34 40.700
RR17     MXN       -19.0427   57.1322  -2205    0.0   0.0    0.0       1.0000    2437 2012 033 13 34 40.700
RR17     MXE       -19.0427   57.1322  -2205    0.0  90.0    0.0       1.0000    2437 2012 033 13 34 40.700
RR17     MXZ       -19.0427   57.1322  -2205    0.0   0.0  -90.0       1.0000    2437 2012 033 13 34 40.700
RR18     MXN       -18.7504   54.8878  -4743    0.0   0.0    0.0       1.0000    2437 2012 033 13 34 40.700
RR18     MXE       -18.7504   54.8878  -4743    0.0  90.0    0.0       1.0000    2437 2012 033 13 34 40.700
RR18     MXZ       -18.7504   54.8878  -4743    0.0   0.0  -90.0       1.0000    2437 2012 033 13 34 40.700
RR19     MXN       -19.8500   53.3805  -4901    0.0   0.0    0.0       1.0000    2437 2012 033 13 34 40.700
RR19     MXE       -19.8500   53.3805  -4901    0.0  90.0    0.0       1.0000    2437 2012 033 13 34 40.700
RR19     MXZ       -19.8500   53.3805  -4901    0.0   0.0  -90.0       1.0000    2437 2012 033 13 34 40.700
RR20     MXN       -18.4774   51.4600  -4820    0.0   0.0    0.0       1.0000    2437 2012 033 13 34 40.700
RR20     MXE       -18.4774   51.4600  -4820    0.0  90.0    0.0       1.0000    2437 2012 033 13 34 40.700
RR20     MXZ       -18.4774   51.4600  -4820    0.0   0.0  -90.0       1.0000    2437 2012 033 13 34 40.700
RR21     MXN       -20.4217   50.5599  -4782    0.0   0.0    0.0       1.0000    2437 2012 033 13 34 40.700
RR21     MXE       -20.4217   50.5599  -4782    0.0  90.0    0.0       1.0000    2437 2012 033 13 34 40.700
RR21     MXZ       -20.4217   50.5599  -4782    0.0   0.0  -90.0       1.0000    2437 2012 033 13 34 40.700
RR22     MXN       -21.3007   52.4994  -4920    0.0   0.0    0.0       1.0000    2437 2012 033 13 34 40.700
RR22     MXE       -21.3007   52.4994  -4920    0.0  90.0    0.0       1.0000    2437 2012 033 13 34 40.700
RR22     MXZ       -21.3007   52.4994  -4920    0.0   0.0  -90.0       1.0000    2437 2012 033 13 34 40.700
RR23     MXN       -22.3290   50.4487  -4893    0.0   0.0    0.0       1.0000    2437 2012 033 13 34 40.700
RR23     MXE       -22.3290   50.4487  -4893    0.0  90.0    0.0       1.0000    2437 2012 033 13 34 40.700
RR23     MXZ       -22.3290   50.4487  -4893    0.0   0.0  -90.0       1.0000    2437 2012 033 13 34 40.700
RR24     MXN       -25.6805   54.4881  -5074    0.0   0.0    0.0       1.0000    2437 2012 033 13 34 40.700
RR24     MXE       -25.6805   54.4881  -5074    0.0  90.0    0.0       1.0000    2437 2012 033 13 34 40.700
RR24     MXZ       -25.6805   54.4881  -5074    0.0   0.0  -90.0       1.0000    2437 2012 033 13 34 40.700
RR25     MXN       -23.2662   56.7249  -4759    0.0   0.0    0.0       1.0000    2437 2012 033 13 34 40.700
RR25     MXE       -23.2662   56.7249  -4759    0.0  90.0    0.0       1.0000    2437 2012 033 13 34 40.700
RR25     MXZ       -23.2662   56.7249  -4759    0.0   0.0  -90.0       1.0000    2437 2012 033 13 34 40.700
RR26     MXN       -23.2293   54.4698  -4259    0.0   0.0    0.0       1.0000    2437 2012 033 13 34 40.700
RR26     MXE       -23.2293   54.4698  -4259    0.0  90.0    0.0       1.0000    2437 2012 033 13 34 40.700
RR26     MXZ       -23.2293   54.4698  -4259    0.0   0.0  -90.0       1.0000    2437 2012 033 13 34 40.700
RR27     MXN       -21.9657   54.2889  -4277    0.0   0.0    0.0       1.0000    2437 2012 033 13 34 40.700
RR27     MXE       -21.9657   54.2889  -4277    0.0  90.0    0.0       1.0000    2437 2012 033 13 34 40.700
RR27     MXZ       -21.9657   54.2889  -4277    0.0   0.0  -90.0       1.0000    2437 2012 033 13 34 40.700
RR28     MXN       -22.7152   53.1595  -4550    0.0   0.0    0.0       1.0000    2437 2012 033 13 34 40.700
RR28     MXE       -22.7152   53.1595  -4550    0.0  90.0    0.0       1.0000    2437 2012 033 13 34 40.700
RR28     MXZ       -22.7152   53.1595  -4550    0.0   0.0  -90.0       1.0000    2437 2012 033 13 34 40.700
RR29     MXN       -24.9657   51.7488  -4829    0.0   0.0    0.0       1.0000    2437 2012 033 13 34 40.700
RR29     MXE       -24.9657   51.7488  -4829    0.0  90.0    0.0       1.0000    2437 2012 033 13 34 40.700
RR29     MXZ       -24.9657   51.7488  -4829    0.0   0.0  -90.0       1.0000    2437 2012 033 13 34 40.700
RR30     MXN       -26.4861   49.8917  -5140    0.0   0.0    0.0       1.0000    2437 2012 033 13 34 40.700
RR30     MXE       -26.4861   49.8917  -5140    0.0  90.0    0.0       1.0000    2437 2012 033 13 34 40.700
RR30     MXZ       -26.4861   49.8917  -5140    0.0   0.0  -90.0       1.0000    2437 2012 033 13 34 40.700
RR31     MXN       -28.7648   48.1394  -2709    0.0   0.0    0.0       1.0000    2437 2012 033 13 34 40.700
RR31     MXE       -28.7648   48.1394  -2709    0.0  90.0    0.0       1.0000    2437 2012 033 13 34 40.700
RR31     MXZ       -28.7648   48.1394  -2709    0.0   0.0  -90.0       1.0000    2437 2012 033 13 34 40.700
RR32     MXN       -30.2903   49.5555  -4670    0.0   0.0    0.0       1.0000    2437 2012 033 13 34 40.700
RR32     MXE       -30.2903   49.5555  -4670    0.0  90.0    0.0       1.0000    2437 2012 033 13 34 40.700
RR32     MXZ       -30.2903   49.5555  -4670    0.0   0.0  -90.0       1.0000    2437 2012 033 13 34 40.700
RR33     MXN       -31.1170   50.6835  -4904    0.0   0.0    0.0       1.0000    2437 2012 033 13 34 40.700
RR33     MXE       -31.1170   50.6835  -4904    0.0  90.0    0.0       1.0000    2437 2012 033 13 34 40.700
RR33     MXZ       -31.1170   50.6835  -4904    0.0   0.0  -90.0       1.0000    2437 2012 033 13 34 40.700
RR34     MXN       -32.0783   52.2114  -4265    0.0   0.0    0.0       1.0000    2437 2012 033 13 34 40.700
RR34     MXE       -32.0783   52.2114  -4265    0.0  90.0    0.0       1.0000    2437 2012 033 13 34 40.700
RR34     MXZ       -32.0783   52.2114  -4265    0.0   0.0  -90.0       1.0000    2437 2012 033 13 34 40.700
RR35     MXN       -32.9694   54.1473  -4214    0.0   0.0    0.0       1.0000    2437 2012 033 13 34 40.700
RR35     MXE       -32.9694   54.1473  -4214    0.0  90.0    0.0       1.0000    2437 2012 033 13 34 40.700
RR35     MXZ       -32.9694   54.1473  -4214    0.0   0.0  -90.0       1.0000    2437 2012 033 13 34 40.700
RR36     MXN       -33.7018   55.9578  -3560    0.0   0.0    0.0       1.0000    2437 2012 033 13 34 40.700
RR36     MXE       -33.7018   55.9578  -3560    0.0  90.0    0.0       1.0000    2437 2012 033 13 34 40.700
RR36     MXZ       -33.7018   55.9578  -3560    0.0   0.0  -90.0       1.0000    2437 2012 033 13 34 40.700
RUM1     MXN       -22.8022   47.7175   45.0    0.0    0.0    0.0       1.0000    2437 2012 033 13 34 40.700
RUM1     MXE       -22.8022   47.7175   45.0    0.0   90.0    0.0       1.0000    2437 2012 033 13 34 40.700
RUM1     MXZ       -22.8022   47.7175   45.0    0.0    0.0  -90.0       1.0000    2437 2012 033 13 34 40.700
RUM2     MXN       -22.1367   48.0022   11.0    0.0    0.0    0.0       1.0000    2437 2012 033 13 34 40.700
RUM2     MXE       -22.1367   48.0022   11.0    0.0   90.0    0.0       1.0000    2437 2012 033 13 34 40.700
RUM2     MXZ       -22.1367   48.0022   11.0    0.0    0.0  -90.0       1.0000    2437 2012 033 13 34 40.700
RUM5     MXN       -24.7852   47.0851    0.0    0.0    0.0    0.0       1.0000    2437 2012 033 13 34 40.700
RUM5     MXE       -24.7852   47.0851    0.0    0.0   90.0    0.0       1.0000    2437 2012 033 13 34 40.700
RUM5     MXZ       -24.7852   47.0851    0.0    0.0    0.0  -90.0       1.0000    2437 2012 033 13 34 40.700
RUN01    MXN       -20.9009   55.4835  112.0    0.0    0.0    0.0       1.0000    2437 2012 033 13 34 40.700
RUN01    MXE       -20.9009   55.4835  112.0    0.0   90.0    0.0       1.0000    2437 2012 033 13 34 40.700
RUN01    MXZ       -20.9009   55.4835  112.0    0.0    0.0  -90.0       1.0000    2437 2012 033 13 34 40.700
RER      MXN       -21.1712   55.7399  834.0    0.0    0.0    0.0       1.0000    2437 2012 033 13 34 40.700
RER      MXE       -21.1712   55.7399  834.0    0.0   90.0    0.0       1.0000    2437 2012 033 13 34 40.700
RER      MXZ       -21.1712   55.7399  834.0    0.0    0.0  -90.0       1.0000    2437 2012 033 13 34 40.700
HYB      MXN        17.4187   78.5521  510.0    0.0    0.0    0.0       1.0000    2437 2012 033 13 34 40.700
HYB      MXE        17.4187   78.5521  510.0    0.0   90.0    0.0       1.0000    2437 2012 033 13 34 40.700
HYB      MXZ        17.4187   78.5521  510.0    0.0    0.0  -90.0       1.0000    2437 2012 033 13 34 40.700
