  0.0000000E+00  0.0000000E+00
  1.2512512E-04  6.5442032E-15
  2.5025025E-04  1.3087614E-14
  3.7537538E-04  1.9629441E-14
  5.0050049E-04  2.6168893E-14
  6.2562560E-04  3.2705179E-14
  7.5075077E-04  3.9237510E-14
  8.7587588E-04  4.5765092E-14
  1.0010010E-03  5.2287141E-14
  1.1261262E-03  5.8802864E-14
  1.2512512E-03  6.5311485E-14
  1.3763764E-03  7.1812212E-14
  1.5015015E-03  7.8304259E-14
  1.6266266E-03  8.4786846E-14
  1.7517518E-03  9.1259201E-14
  1.8768769E-03  9.7720538E-14
  2.0020020E-03  1.0417008E-13
  2.1271270E-03  1.1060707E-13
  2.2522523E-03  1.1703072E-13
  2.3773774E-03  1.2344027E-13
  2.5025024E-03  1.2983496E-13
  2.6276277E-03  1.3621401E-13
  2.7527527E-03  1.4257668E-13
  2.8778778E-03  1.4892222E-13
  3.0030031E-03  1.5524985E-13
  3.1281281E-03  1.6155884E-13
  3.2532532E-03  1.6784844E-13
  3.3783785E-03  1.7411791E-13
  3.5035035E-03  1.8036653E-13
  3.6286286E-03  1.8659354E-13
  3.7537538E-03  1.9279822E-13
  3.8788789E-03  1.9897987E-13
  4.0040039E-03  2.0513773E-13
  4.1291290E-03  2.1127112E-13
  4.2542540E-03  2.1737931E-13
  4.3793796E-03  2.2346160E-13
  4.5045046E-03  2.2951731E-13
  4.6296297E-03  2.3554571E-13
  4.7547547E-03  2.4154612E-13
  4.8798798E-03  2.4751791E-13
  5.0050048E-03  2.5346031E-13
  5.1301303E-03  2.5937271E-13
  5.2552554E-03  2.6525445E-13
  5.3803804E-03  2.7110483E-13
  5.5055055E-03  2.7692323E-13
  5.6306305E-03  2.8270900E-13
  5.7557556E-03  2.8846145E-13
  5.8808811E-03  2.9418002E-13
  6.0060062E-03  2.9986403E-13
  6.1311312E-03  3.0551288E-13
  6.2562563E-03  3.1112596E-13
  6.3813813E-03  3.1670264E-13
  6.5065064E-03  3.2224234E-13
  6.6316314E-03  3.2774445E-13
  6.7567569E-03  3.3320840E-13
  6.8818820E-03  3.3863361E-13
  7.0070070E-03  3.4401952E-13
  7.1321321E-03  3.4936553E-13
  7.2572571E-03  3.5467113E-13
  7.3823822E-03  3.5993571E-13
  7.5075077E-03  3.6515880E-13
  7.6326327E-03  3.7033985E-13
  7.7577578E-03  3.7547832E-13
  7.8828828E-03  3.8057369E-13
  8.0080079E-03  3.8562545E-13
  8.1331329E-03  3.9063314E-13
  8.2582580E-03  3.9559621E-13
  8.3833830E-03  4.0051423E-13
  8.5085081E-03  4.0538669E-13
  8.6336341E-03  4.1021318E-13
  8.7587591E-03  4.1499315E-13
  8.8838842E-03  4.1972624E-13
  9.0090092E-03  4.2441200E-13
  9.1341343E-03  4.2904994E-13
  9.2592593E-03  4.3363970E-13
  9.3843844E-03  4.3818082E-13
  9.5095094E-03  4.4267294E-13
  9.6346345E-03  4.4711565E-13
  9.7597595E-03  4.5150857E-13
  9.8848846E-03  4.5585134E-13
  1.0010010E-02  4.6014353E-13
  1.0135135E-02  4.6438482E-13
  1.0260261E-02  4.6857489E-13
  1.0385386E-02  4.7271339E-13
  1.0510511E-02  4.7679997E-13
  1.0635636E-02  4.8083434E-13
  1.0760761E-02  4.8481618E-13
  1.0885886E-02  4.8874517E-13
  1.1011011E-02  4.9262103E-13
  1.1136136E-02  4.9644349E-13
  1.1261261E-02  5.0021223E-13
  1.1386386E-02  5.0392709E-13
  1.1511511E-02  5.0758768E-13
  1.1636636E-02  5.1119390E-13
  1.1761762E-02  5.1474542E-13
  1.1886887E-02  5.1824208E-13
  1.2012012E-02  5.2168361E-13
  1.2137137E-02  5.2506984E-13
  1.2262262E-02  5.2840057E-13
  1.2387387E-02  5.3167556E-13
  1.2512513E-02  5.3489477E-13
  1.2637638E-02  5.3805788E-13
  1.2762763E-02  5.4116482E-13
  1.2887888E-02  5.4421550E-13
  1.3013013E-02  5.4720963E-13
  1.3138138E-02  5.5014722E-13
  1.3263263E-02  5.5302811E-13
  1.3388389E-02  5.5585213E-13
  1.3513514E-02  5.5861929E-13
  1.3638639E-02  5.6132941E-13
  1.3763764E-02  5.6398245E-13
  1.3888889E-02  5.6657841E-13
  1.4014014E-02  5.6911707E-13
  1.4139139E-02  5.7159854E-13
  1.4264264E-02  5.7402271E-13
  1.4389389E-02  5.7638952E-13
  1.4514514E-02  5.7869898E-13
  1.4639639E-02  5.8095114E-13
  1.4764764E-02  5.8314589E-13
  1.4889890E-02  5.8528329E-13
  1.5015015E-02  5.8736333E-13
  1.5140140E-02  5.8938602E-13
  1.5265265E-02  5.9135151E-13
  1.5390391E-02  5.9325971E-13
  1.5515516E-02  5.9511071E-13
  1.5640641E-02  5.9690458E-13
  1.5765766E-02  5.9864142E-13
  1.5890891E-02  6.0032128E-13
  1.6016016E-02  6.0194422E-13
  1.6141141E-02  6.0351041E-13
  1.6266266E-02  6.0501983E-13
  1.6391391E-02  6.0647272E-13
  1.6516516E-02  6.0786917E-13
  1.6641641E-02  6.0920924E-13
  1.6766766E-02  6.1049316E-13
  1.6891891E-02  6.1172101E-13
  1.7017016E-02  6.1289298E-13
  1.7142141E-02  6.1400928E-13
  1.7267268E-02  6.1506995E-13
  1.7392393E-02  6.1607528E-13
  1.7517518E-02  6.1702542E-13
  1.7642643E-02  6.1792059E-13
  1.7767768E-02  6.1876096E-13
  1.7892893E-02  6.1954673E-13
  1.8018018E-02  6.2027813E-13
  1.8143144E-02  6.2095544E-13
  1.8268269E-02  6.2157880E-13
  1.8393394E-02  6.2214855E-13
  1.8518519E-02  6.2266484E-13
  1.8643644E-02  6.2312801E-13
  1.8768769E-02  6.2353828E-13
  1.8893894E-02  6.2389590E-13
  1.9019019E-02  6.2420116E-13
  1.9144144E-02  6.2445432E-13
  1.9269269E-02  6.2465576E-13
  1.9394394E-02  6.2480565E-13
  1.9519519E-02  6.2490443E-13
  1.9644644E-02  6.2495229E-13
  1.9769769E-02  6.2494958E-13
  1.9894894E-02  6.2489662E-13
  2.0020019E-02  6.2479378E-13
  2.0145144E-02  6.2464134E-13
  2.0270269E-02  6.2443963E-13
  2.0395396E-02  6.2418907E-13
  2.0520521E-02  6.2388994E-13
  2.0645646E-02  6.2354256E-13
  2.0770771E-02  6.2314742E-13
  2.0895896E-02  6.2270474E-13
  2.1021022E-02  6.2221501E-13
  2.1146147E-02  6.2167854E-13
  2.1271272E-02  6.2109573E-13
  2.1396397E-02  6.2046700E-13
  2.1521522E-02  6.1979268E-13
  2.1646647E-02  6.1907321E-13
  2.1771772E-02  6.1830890E-13
  2.1896897E-02  6.1750030E-13
  2.2022022E-02  6.1664774E-13
  2.2147147E-02  6.1575159E-13
  2.2272272E-02  6.1481235E-13
  2.2397397E-02  6.1383038E-13
  2.2522522E-02  6.1280614E-13
  2.2647647E-02  6.1174010E-13
  2.2772772E-02  6.1063258E-13
  2.2897897E-02  6.0948409E-13
  2.3023022E-02  6.0829504E-13
  2.3148147E-02  6.0706594E-13
  2.3273272E-02  6.0579715E-13
  2.3398397E-02  6.0448917E-13
  2.3523524E-02  6.0314237E-13
  2.3648649E-02  6.0175736E-13
  2.3773775E-02  6.0033445E-13
  2.3898900E-02  5.9887414E-13
  2.4024025E-02  5.9737697E-13
  2.4149150E-02  5.9584331E-13
  2.4274275E-02  5.9427365E-13
  2.4399400E-02  5.9266844E-13
  2.4524525E-02  5.9102820E-13
  2.4649650E-02  5.8935344E-13
  2.4774775E-02  5.8764452E-13
  2.4899900E-02  5.8590199E-13
  2.5025025E-02  5.8412628E-13
  2.5150150E-02  5.8231794E-13
  2.5275275E-02  5.8047740E-13
  2.5400400E-02  5.7860514E-13
  2.5525525E-02  5.7670166E-13
  2.5650650E-02  5.7476745E-13
  2.5775775E-02  5.7280304E-13
  2.5900900E-02  5.7080881E-13
  2.6026025E-02  5.6878531E-13
  2.6151150E-02  5.6673302E-13
  2.6276276E-02  5.6465244E-13
  2.6401401E-02  5.6254404E-13
  2.6526526E-02  5.6040833E-13
  2.6651653E-02  5.5824572E-13
  2.6776778E-02  5.5605683E-13
  2.6901903E-02  5.5384207E-13
  2.7027028E-02  5.5160195E-13
  2.7152153E-02  5.4933700E-13
  2.7277278E-02  5.4704760E-13
  2.7402403E-02  5.4473434E-13
  2.7527528E-02  5.4239762E-13
  2.7652653E-02  5.4003801E-13
  2.7777778E-02  5.3765602E-13
  2.7902903E-02  5.3525202E-13
  2.8028028E-02  5.3282655E-13
  2.8153153E-02  5.3038016E-13
  2.8278278E-02  5.2791322E-13
  2.8403403E-02  5.2542627E-13
  2.8528528E-02  5.2291987E-13
  2.8653653E-02  5.2039433E-13
  2.8778778E-02  5.1785025E-13
  2.8903903E-02  5.1528812E-13
  2.9029028E-02  5.1270831E-13
  2.9154154E-02  5.1011143E-13
  2.9279279E-02  5.0749785E-13
  2.9404404E-02  5.0486807E-13
  2.9529529E-02  5.0222256E-13
  2.9654654E-02  4.9956176E-13
  2.9779781E-02  4.9688622E-13
  2.9904906E-02  4.9419632E-13
  3.0030031E-02  4.9149253E-13
  3.0155156E-02  4.8877536E-13
  3.0280281E-02  4.8604523E-13
  3.0405406E-02  4.8330258E-13
  3.0530531E-02  4.8054789E-13
  3.0655656E-02  4.7778166E-13
  3.0780781E-02  4.7500420E-13
  3.0905906E-02  4.7221607E-13
  3.1031031E-02  4.6941769E-13
  3.1156156E-02  4.6660944E-13
  3.1281281E-02  4.6379182E-13
  3.1406406E-02  4.6096525E-13
  3.1531531E-02  4.5813012E-13
  3.1656656E-02  4.5528690E-13
  3.1781781E-02  4.5243605E-13
  3.1906907E-02  4.4957790E-13
  3.2032032E-02  4.4671292E-13
  3.2157157E-02  4.4384155E-13
  3.2282282E-02  4.4096413E-13
  3.2407407E-02  4.3808113E-13
  3.2532532E-02  4.3519295E-13
  3.2657657E-02  4.3229995E-13
  3.2782782E-02  4.2940258E-13
  3.2907907E-02  4.2650120E-13
  3.3033032E-02  4.2359619E-13
  3.3158157E-02  4.2068798E-13
  3.3283282E-02  4.1777692E-13
  3.3408407E-02  4.1486343E-13
  3.3533532E-02  4.1194785E-13
  3.3658657E-02  4.0903056E-13
  3.3783782E-02  4.0611194E-13
  3.3908907E-02  4.0319234E-13
  3.4034032E-02  4.0027213E-13
  3.4159157E-02  3.9735167E-13
  3.4284282E-02  3.9443131E-13
  3.4409411E-02  3.9151142E-13
  3.4534536E-02  3.8859234E-13
  3.4659661E-02  3.8567438E-13
  3.4784786E-02  3.8275790E-13
  3.4909911E-02  3.7984327E-13
  3.5035037E-02  3.7693075E-13
  3.5160162E-02  3.7402072E-13
  3.5285287E-02  3.7111346E-13
  3.5410412E-02  3.6820934E-13
  3.5535537E-02  3.6530864E-13
  3.5660662E-02  3.6241168E-13
  3.5785787E-02  3.5951876E-13
  3.5910912E-02  3.5663020E-13
  3.6036037E-02  3.5374625E-13
  3.6161162E-02  3.5086726E-13
  3.6286287E-02  3.4799350E-13
  3.6411412E-02  3.4512524E-13
  3.6536537E-02  3.4226278E-13
  3.6661662E-02  3.3940637E-13
  3.6786787E-02  3.3655633E-13
  3.6911912E-02  3.3371288E-13
  3.7037037E-02  3.3087630E-13
  3.7162162E-02  3.2804686E-13
  3.7287287E-02  3.2522482E-13
  3.7412412E-02  3.2241039E-13
  3.7537538E-02  3.1960388E-13
  3.7662663E-02  3.1680547E-13
  3.7787788E-02  3.1401547E-13
  3.7912913E-02  3.1123403E-13
  3.8038038E-02  3.0846145E-13
  3.8163163E-02  3.0569790E-13
  3.8288288E-02  3.0294365E-13
  3.8413413E-02  3.0019891E-13
  3.8538538E-02  2.9746388E-13
  3.8663663E-02  2.9473876E-13
  3.8788788E-02  2.9202376E-13
  3.8913913E-02  2.8931911E-13
  3.9039038E-02  2.8662494E-13
  3.9164163E-02  2.8394152E-13
  3.9289288E-02  2.8126901E-13
  3.9414413E-02  2.7860757E-13
  3.9539538E-02  2.7595743E-13
  3.9664663E-02  2.7331869E-13
  3.9789788E-02  2.7069159E-13
  3.9914913E-02  2.6807631E-13
  4.0040039E-02  2.6547292E-13
  4.0165164E-02  2.6288168E-13
  4.0290289E-02  2.6030268E-13
  4.0415414E-02  2.5773613E-13
  4.0540539E-02  2.5518211E-13
  4.0665668E-02  2.5264082E-13
  4.0790793E-02  2.5011238E-13
  4.0915918E-02  2.4759692E-13
  4.1041043E-02  2.4509458E-13
  4.1166168E-02  2.4260550E-13
  4.1291293E-02  2.4012977E-13
  4.1416418E-02  2.3766755E-13
  4.1541543E-02  2.3521894E-13
  4.1666668E-02  2.3278406E-13
  4.1791793E-02  2.3036301E-13
  4.1916918E-02  2.2795589E-13
  4.2042043E-02  2.2556283E-13
  4.2167168E-02  2.2318390E-13
  4.2292293E-02  2.2081921E-13
  4.2417418E-02  2.1846885E-13
  4.2542543E-02  2.1613290E-13
  4.2667668E-02  2.1381146E-13
  4.2792793E-02  2.1150460E-13
  4.2917918E-02  2.0921239E-13
  4.3043043E-02  2.0693493E-13
  4.3168169E-02  2.0467228E-13
  4.3293294E-02  2.0242449E-13
  4.3418419E-02  2.0019164E-13
  4.3543544E-02  1.9797380E-13
  4.3668669E-02  1.9577101E-13
  4.3793794E-02  1.9358332E-13
  4.3918919E-02  1.9141081E-13
  4.4044044E-02  1.8925351E-13
  4.4169169E-02  1.8711145E-13
  4.4294294E-02  1.8498469E-13
  4.4419419E-02  1.8287327E-13
  4.4544544E-02  1.8077723E-13
  4.4669669E-02  1.7869659E-13
  4.4794794E-02  1.7663139E-13
  4.4919919E-02  1.7458165E-13
  4.5045044E-02  1.7254739E-13
  4.5170169E-02  1.7052864E-13
  4.5295294E-02  1.6852543E-13
  4.5420419E-02  1.6653775E-13
  4.5545544E-02  1.6456563E-13
  4.5670670E-02  1.6260908E-13
  4.5795795E-02  1.6066810E-13
  4.5920920E-02  1.5874269E-13
  4.6046045E-02  1.5683288E-13
  4.6171170E-02  1.5493864E-13
  4.6296295E-02  1.5305999E-13
  4.6421420E-02  1.5119690E-13
  4.6546545E-02  1.4934939E-13
  4.6671670E-02  1.4751744E-13
  4.6796795E-02  1.4570102E-13
  4.6921924E-02  1.4390015E-13
  4.7047049E-02  1.4211479E-13
  4.7172174E-02  1.4034493E-13
  4.7297299E-02  1.3859054E-13
  4.7422424E-02  1.3685160E-13
  4.7547549E-02  1.3512809E-13
  4.7672674E-02  1.3341998E-13
  4.7797799E-02  1.3172724E-13
  4.7922924E-02  1.3004985E-13
  4.8048049E-02  1.2838775E-13
  4.8173174E-02  1.2674092E-13
  4.8298299E-02  1.2510933E-13
  4.8423424E-02  1.2349293E-13
  4.8548549E-02  1.2189167E-13
  4.8673674E-02  1.2030554E-13
  4.8798800E-02  1.1873448E-13
  4.8923925E-02  1.1717842E-13
  4.9049050E-02  1.1563733E-13
  4.9174175E-02  1.1411118E-13
  4.9299300E-02  1.1259988E-13
  4.9424425E-02  1.1110341E-13
  4.9549550E-02  1.0962171E-13
  4.9674675E-02  1.0815471E-13
  4.9799800E-02  1.0670236E-13
  4.9924925E-02  1.0526460E-13
  5.0050050E-02  1.0384137E-13
  5.0175175E-02  1.0243262E-13
  5.0300300E-02  1.0103827E-13
  5.0425425E-02  9.9658264E-14
  5.0550550E-02  9.8292536E-14
  5.0675675E-02  9.6941017E-14
  5.0800800E-02  9.5603647E-14
  5.0925925E-02  9.4280351E-14
  5.1051050E-02  9.2971055E-14
  5.1176175E-02  9.1675697E-14
  5.1301301E-02  9.0394197E-14
  5.1426426E-02  8.9126487E-14
  5.1551551E-02  8.7872492E-14
  5.1676676E-02  8.6632131E-14
  5.1801801E-02  8.5405336E-14
  5.1926926E-02  8.4192026E-14
  5.2052051E-02  8.2992119E-14
  5.2177176E-02  8.1805548E-14
  5.2302301E-02  8.0632217E-14
  5.2427426E-02  7.9472060E-14
  5.2552551E-02  7.8324988E-14
  5.2677676E-02  7.7190919E-14
  5.2802801E-02  7.6069772E-14
  5.2927926E-02  7.4961467E-14
  5.3053051E-02  7.3865915E-14
  5.3178180E-02  7.2783034E-14
  5.3303305E-02  7.1712737E-14
  5.3428430E-02  7.0654942E-14
  5.3553555E-02  6.9609554E-14
  5.3678680E-02  6.8576499E-14
  5.3803805E-02  6.7555682E-14
  5.3928930E-02  6.6547015E-14
  5.4054055E-02  6.5550409E-14
  5.4179180E-02  6.4565778E-14
  5.4304305E-02  6.3593038E-14
  5.4429431E-02  6.2632089E-14
  5.4554556E-02  6.1682843E-14
  5.4679681E-02  6.0745219E-14
  5.4804806E-02  5.9819120E-14
  5.4929931E-02  5.8904460E-14
  5.5055056E-02  5.8001143E-14
  5.5180181E-02  5.7109075E-14
  5.5305306E-02  5.6228175E-14
  5.5430431E-02  5.5358343E-14
  5.5555556E-02  5.4499492E-14
  5.5680681E-02  5.3651531E-14
  5.5805806E-02  5.2814364E-14
  5.5930931E-02  5.1987901E-14
  5.6056056E-02  5.1172052E-14
  5.6181181E-02  5.0366720E-14
  5.6306306E-02  4.9571821E-14
  5.6431431E-02  4.8787255E-14
  5.6556556E-02  4.8012934E-14
  5.6681681E-02  4.7248765E-14
  5.6806806E-02  4.6494658E-14
  5.6931932E-02  4.5750520E-14
  5.7057057E-02  4.5016254E-14
  5.7182182E-02  4.4291776E-14
  5.7307307E-02  4.3576989E-14
  5.7432432E-02  4.2871807E-14
  5.7557557E-02  4.2176132E-14
  5.7682682E-02  4.1489876E-14
  5.7807807E-02  4.0812948E-14
  5.7932932E-02  4.0145255E-14
  5.8058057E-02  3.9486711E-14
  5.8183182E-02  3.8837223E-14
  5.8308307E-02  3.8196697E-14
  5.8433432E-02  3.7565051E-14
  5.8558557E-02  3.6942187E-14
  5.8683682E-02  3.6328020E-14
  5.8808807E-02  3.5722463E-14
  5.8933932E-02  3.5125420E-14
  5.9059057E-02  3.4536810E-14
  5.9184182E-02  3.3956538E-14
  5.9309307E-02  3.3384523E-14
  5.9434436E-02  3.2820670E-14
  5.9559561E-02  3.2264898E-14
  5.9684686E-02  3.1717118E-14
  5.9809811E-02  3.1177243E-14
  5.9934936E-02  3.0645188E-14
  6.0060062E-02  3.0120864E-14
  6.0185187E-02  2.9604188E-14
  6.0310312E-02  2.9095077E-14
  6.0435437E-02  2.8593444E-14
  6.0560562E-02  2.8099207E-14
  6.0685687E-02  2.7612280E-14
  6.0810812E-02  2.7132581E-14
  6.0935937E-02  2.6660028E-14
  6.1061062E-02  2.6194538E-14
  6.1186187E-02  2.5736029E-14
  6.1311312E-02  2.5284420E-14
  6.1436437E-02  2.4839629E-14
  6.1561562E-02  2.4401579E-14
  6.1686687E-02  2.3970187E-14
  6.1811812E-02  2.3545375E-14
  6.1936937E-02  2.3127062E-14
  6.2062062E-02  2.2715174E-14
  6.2187187E-02  2.2309631E-14
  6.2312312E-02  2.1910355E-14
  6.2437437E-02  2.1517271E-14
  6.2562563E-02  2.1130301E-14
  6.2687688E-02  2.0749371E-14
  6.2812813E-02  2.0374405E-14
  6.2937938E-02  2.0005327E-14
  6.3063063E-02  1.9642067E-14
  6.3188188E-02  1.9284548E-14
  6.3313313E-02  1.8932699E-14
  6.3438438E-02  1.8586447E-14
  6.3563563E-02  1.8245720E-14
  6.3688688E-02  1.7910449E-14
  6.3813813E-02  1.7580560E-14
  6.3938938E-02  1.7255984E-14
  6.4064063E-02  1.6936654E-14
  6.4189188E-02  1.6622498E-14
  6.4314313E-02  1.6313450E-14
  6.4439438E-02  1.6009441E-14
  6.4564563E-02  1.5710405E-14
  6.4689688E-02  1.5416274E-14
  6.4814813E-02  1.5126984E-14
  6.4939938E-02  1.4842469E-14
  6.5065064E-02  1.4562661E-14
  6.5190189E-02  1.4287501E-14
  6.5315314E-02  1.4016922E-14
  6.5440439E-02  1.3750862E-14
  6.5565564E-02  1.3489260E-14
  6.5690689E-02  1.3232051E-14
  6.5815814E-02  1.2979177E-14
  6.5940939E-02  1.2730576E-14
  6.6066064E-02  1.2486187E-14
  6.6191189E-02  1.2245953E-14
  6.6316314E-02  1.2009812E-14
  6.6441439E-02  1.1777709E-14
  6.6566564E-02  1.1549584E-14
  6.6691689E-02  1.1325381E-14
  6.6816814E-02  1.1105043E-14
  6.6941939E-02  1.0888515E-14
  6.7067064E-02  1.0675740E-14
  6.7192189E-02  1.0466664E-14
  6.7317314E-02  1.0261234E-14
  6.7442439E-02  1.0059395E-14
  6.7567565E-02  9.8610940E-15
  6.7692690E-02  9.6662799E-15
  6.7817815E-02  9.4748995E-15
  6.7942940E-02  9.2869023E-15
  6.8068065E-02  9.1022364E-15
  6.8193190E-02  8.9208527E-15
  6.8318315E-02  8.7427022E-15
  6.8443440E-02  8.5677340E-15
  6.8568565E-02  8.3959015E-15
  6.8693690E-02  8.2271556E-15
  6.8818823E-02  8.0614489E-15
  6.8943948E-02  7.8987355E-15
  6.9069073E-02  7.7389682E-15
  6.9194198E-02  7.5821019E-15
  6.9319323E-02  7.4280919E-15
  6.9444448E-02  7.2768922E-15
  6.9569573E-02  7.1284599E-15
  6.9694698E-02  6.9827507E-15
  6.9819823E-02  6.8397220E-15
  6.9944948E-02  6.6993314E-15
  7.0070073E-02  6.5615365E-15
  7.0195198E-02  6.4262962E-15
  7.0320323E-02  6.2935696E-15
  7.0445448E-02  6.1633158E-15
  7.0570573E-02  6.0354956E-15
  7.0695698E-02  5.9100691E-15
  7.0820823E-02  5.7869977E-15
  7.0945948E-02  5.6662426E-15
  7.1071073E-02  5.5477664E-15
  7.1196198E-02  5.4315314E-15
  7.1321324E-02  5.3175009E-15
  7.1446449E-02  5.2056379E-15
  7.1571574E-02  5.0959073E-15
  7.1696699E-02  4.9882732E-15
  7.1821824E-02  4.8827007E-15
  7.1946949E-02  4.7791556E-15
  7.2072074E-02  4.6776031E-15
  7.2197199E-02  4.5780098E-15
  7.2322324E-02  4.4803431E-15
  7.2447449E-02  4.3845699E-15
  7.2572574E-02  4.2906581E-15
  7.2697699E-02  4.1985759E-15
  7.2822824E-02  4.1082923E-15
  7.2947949E-02  4.0197757E-15
  7.3073074E-02  3.9329963E-15
  7.3198199E-02  3.8479233E-15
  7.3323324E-02  3.7645282E-15
  7.3448449E-02  3.6827811E-15
  7.3573574E-02  3.6026530E-15
  7.3698699E-02  3.5241162E-15
  7.3823825E-02  3.4471425E-15
  7.3948950E-02  3.3717042E-15
  7.4074075E-02  3.2977743E-15
  7.4199200E-02  3.2253263E-15
  7.4324325E-02  3.1543335E-15
  7.4449450E-02  3.0847703E-15
  7.4574575E-02  3.0166111E-15
  7.4699700E-02  2.9498304E-15
  7.4824825E-02  2.8844036E-15
  7.4949950E-02  2.8203063E-15
  7.5075075E-02  2.7575145E-15
  7.5200200E-02  2.6960044E-15
  7.5325325E-02  2.6357529E-15
  7.5450450E-02  2.5767367E-15
  7.5575575E-02  2.5189335E-15
  7.5700700E-02  2.4623208E-15
  7.5825825E-02  2.4068767E-15
  7.5950950E-02  2.3525798E-15
  7.6076075E-02  2.2994088E-15
  7.6201200E-02  2.2473429E-15
  7.6326326E-02  2.1963613E-15
  7.6451451E-02  2.1464440E-15
  7.6576576E-02  2.0975708E-15
  7.6701701E-02  2.0497223E-15
  7.6826826E-02  2.0028791E-15
  7.6951951E-02  1.9570224E-15
  7.7077076E-02  1.9121333E-15
  7.7202201E-02  1.8681936E-15
  7.7327326E-02  1.8251851E-15
  7.7452451E-02  1.7830903E-15
  7.7577576E-02  1.7418915E-15
  7.7702701E-02  1.7015715E-15
  7.7827826E-02  1.6621134E-15
  7.7952951E-02  1.6235006E-15
  7.8078076E-02  1.5857168E-15
  7.8203201E-02  1.5487459E-15
  7.8328326E-02  1.5125720E-15
  7.8453451E-02  1.4771797E-15
  7.8578576E-02  1.4425538E-15
  7.8703701E-02  1.4086790E-15
  7.8828827E-02  1.3755407E-15
  7.8953952E-02  1.3431245E-15
  7.9079077E-02  1.3114159E-15
  7.9204202E-02  1.2804012E-15
  7.9329327E-02  1.2500663E-15
  7.9454452E-02  1.2203978E-15
  7.9579577E-02  1.1913824E-15
  7.9704702E-02  1.1630072E-15
  7.9829827E-02  1.1352591E-15
  7.9954952E-02  1.1081257E-15
  8.0080077E-02  1.0815945E-15
  8.0205202E-02  1.0556532E-15
  8.0330327E-02  1.0302902E-15
  8.0455452E-02  1.0054935E-15
  8.0580577E-02  9.8125167E-16
  8.0705702E-02  9.5755338E-16
  8.0830827E-02  9.3438746E-16
  8.0955952E-02  9.1174298E-16
  8.1081077E-02  8.8960938E-16
  8.1206203E-02  8.6797589E-16
  8.1331335E-02  8.4683236E-16
  8.1456460E-02  8.2616862E-16
  8.1581585E-02  8.0597467E-16
  8.1706710E-02  7.8624070E-16
  8.1831835E-02  7.6695721E-16
  8.1956960E-02  7.4811475E-16
  8.2082085E-02  7.2970406E-16
  8.2207210E-02  7.1171610E-16
  8.2332335E-02  6.9414191E-16
  8.2457460E-02  6.7697287E-16
  8.2582586E-02  6.6020030E-16
  8.2707711E-02  6.4381582E-16
  8.2832836E-02  6.2781119E-16
  8.2957961E-02  6.1217835E-16
  8.3083086E-02  5.9690936E-16
  8.3208211E-02  5.8199634E-16
  8.3333336E-02  5.6743182E-16
  8.3458461E-02  5.5320812E-16
  8.3583586E-02  5.3931805E-16
  8.3708711E-02  5.2575436E-16
  8.3833836E-02  5.1250994E-16
  8.3958961E-02  4.9957791E-16
  8.4084086E-02  4.8695146E-16
  8.4209211E-02  4.7462395E-16
  8.4334336E-02  4.6258883E-16
  8.4459461E-02  4.5083969E-16
  8.4584586E-02  4.3937031E-16
  8.4709711E-02  4.2817447E-16
  8.4834836E-02  4.1724618E-16
  8.4959961E-02  4.0657955E-16
  8.5085087E-02  3.9616874E-16
  8.5210212E-02  3.8600811E-16
  8.5335337E-02  3.7609208E-16
  8.5460462E-02  3.6641520E-16
  8.5585587E-02  3.5697216E-16
  8.5710712E-02  3.4775771E-16
  8.5835837E-02  3.3876672E-16
  8.5960962E-02  3.2999416E-16
  8.6086087E-02  3.2143513E-16
  8.6211212E-02  3.1308482E-16
  8.6336337E-02  3.0493848E-16
  8.6461462E-02  2.9699148E-16
  8.6586587E-02  2.8923933E-16
  8.6711712E-02  2.8167758E-16
  8.6836837E-02  2.7430188E-16
  8.6961962E-02  2.6710800E-16
  8.7087087E-02  2.6009174E-16
  8.7212212E-02  2.5324903E-16
  8.7337337E-02  2.4657590E-16
  8.7462462E-02  2.4006843E-16
  8.7587588E-02  2.3372281E-16
  8.7712713E-02  2.2753526E-16
  8.7837838E-02  2.2150212E-16
  8.7962963E-02  2.1561983E-16
  8.8088088E-02  2.0988486E-16
  8.8213213E-02  2.0429377E-16
  8.8338338E-02  1.9884319E-16
  8.8463463E-02  1.9352985E-16
  8.8588588E-02  1.8835052E-16
  8.8713713E-02  1.8330203E-16
  8.8838838E-02  1.7838130E-16
  8.8963963E-02  1.7358533E-16
  8.9089088E-02  1.6891115E-16
  8.9214213E-02  1.6435589E-16
  8.9339338E-02  1.5991671E-16
  8.9464463E-02  1.5559085E-16
  8.9589588E-02  1.5137559E-16
  8.9714713E-02  1.4726831E-16
  8.9839838E-02  1.4326641E-16
  8.9964963E-02  1.3936737E-16
  9.0090089E-02  1.3556872E-16
  9.0215214E-02  1.3186802E-16
  9.0340339E-02  1.2826293E-16
  9.0465464E-02  1.2475113E-16
  9.0590589E-02  1.2133035E-16
  9.0715714E-02  1.1799837E-16
  9.0840839E-02  1.1475307E-16
  9.0965964E-02  1.1159230E-16
  9.1091089E-02  1.0851401E-16
  9.1216214E-02  1.0551617E-16
  9.1341339E-02  1.0259683E-16
  9.1466464E-02  9.9754038E-17
  9.1591589E-02  9.6985928E-17
  9.1716714E-02  9.4290649E-17
  9.1841839E-02  9.1666408E-17
  9.1966964E-02  8.9111439E-17
  9.2092089E-02  8.6624035E-17
  9.2217214E-02  8.4202500E-17
  9.2342339E-02  8.1845214E-17
  9.2467465E-02  7.9550562E-17
  9.2592590E-02  7.7316989E-17
  9.2717715E-02  7.5142953E-17
  9.2842840E-02  7.3026972E-17
  9.2967965E-02  7.0967583E-17
  9.3093090E-02  6.8963365E-17
  9.3218215E-02  6.7012919E-17
  9.3343340E-02  6.5114897E-17
  9.3468465E-02  6.3267968E-17
  9.3593590E-02  6.1470835E-17
  9.3718715E-02  5.9722228E-17
  9.3843848E-02  5.8020923E-17
  9.3968973E-02  5.6365708E-17
  9.4094098E-02  5.4755409E-17
  9.4219223E-02  5.3188871E-17
  9.4344348E-02  5.1664980E-17
  9.4469473E-02  5.0182632E-17
  9.4594598E-02  4.8740767E-17
  9.4719723E-02  4.7338335E-17
  9.4844848E-02  4.5974321E-17
  9.4969973E-02  4.4647732E-17
  9.5095098E-02  4.3357598E-17
  9.5220223E-02  4.2102970E-17
  9.5345348E-02  4.0882929E-17
  9.5470473E-02  3.9696570E-17
  9.5595598E-02  3.8543020E-17
  9.5720723E-02  3.7421413E-17
  9.5845848E-02  3.6330921E-17
  9.5970973E-02  3.5270720E-17
  9.6096098E-02  3.4240020E-17
  9.6221223E-02  3.3238043E-17
  9.6346349E-02  3.2264031E-17
  9.6471474E-02  3.1317247E-17
  9.6596599E-02  3.0396965E-17
  9.6721724E-02  2.9502488E-17
  9.6846849E-02  2.8633132E-17
  9.6971974E-02  2.7788223E-17
  9.7097099E-02  2.6967114E-17
  9.7222224E-02  2.6169169E-17
  9.7347349E-02  2.5393768E-17
  9.7472474E-02  2.4640308E-17
  9.7597599E-02  2.3908200E-17
  9.7722724E-02  2.3196869E-17
  9.7847849E-02  2.2505758E-17
  9.7972974E-02  2.1834321E-17
  9.8098099E-02  2.1182028E-17
  9.8223224E-02  2.0548358E-17
  9.8348349E-02  1.9932808E-17
  9.8473474E-02  1.9334887E-17
  9.8598599E-02  1.8754113E-17
  9.8723724E-02  1.8190024E-17
  9.8848850E-02  1.7642159E-17
  9.8973975E-02  1.7110080E-17
  9.9099100E-02  1.6593351E-17
  9.9224225E-02  1.6091553E-17
  9.9349350E-02  1.5604274E-17
  9.9474475E-02  1.5131119E-17
  9.9599600E-02  1.4671693E-17
  9.9724725E-02  1.4225622E-17
  9.9849850E-02  1.3792534E-17
  9.9974975E-02  1.3372072E-17
  0.1001001      1.2963883E-17
  0.1002252      1.2567628E-17
  0.1003504      1.2182975E-17
  0.1004755      1.1809600E-17
  0.1006006      1.1447188E-17
  0.1007257      1.1095433E-17
  0.1008509      1.0754037E-17
  0.1009760      1.0422708E-17
  0.1011011      1.0101165E-17
  0.1012262      9.7891316E-18
  0.1013514      9.4863397E-18
  0.1014765      9.1925285E-18
  0.1016016      8.9074448E-18
  0.1017267      8.6308414E-18
  0.1018519      8.3624767E-18
  0.1019770      8.1021175E-18
  0.1021021      7.8495362E-18
  0.1022272      7.6045104E-18
  0.1023524      7.3668250E-18
  0.1024775      7.1362708E-18
  0.1026026      6.9126421E-18
  0.1027277      6.6957413E-18
  0.1028529      6.4853752E-18
  0.1029780      6.2813556E-18
  0.1031031      6.0835002E-18
  0.1032282      5.8916303E-18
  0.1033534      5.7055730E-18
  0.1034785      5.5251608E-18
  0.1036036      5.3502294E-18
  0.1037287      5.1806202E-18
  0.1038539      5.0161779E-18
  0.1039790      4.8567525E-18
  0.1041041      4.7021975E-18
  0.1042292      4.5523707E-18
  0.1043544      4.4071335E-18
  0.1044795      4.2663519E-18
  0.1046046      4.1298944E-18
  0.1047297      3.9976349E-18
  0.1048549      3.8694496E-18
  0.1049800      3.7452178E-18
  0.1051051      3.6248233E-18
  0.1052302      3.5081524E-18
  0.1053554      3.3950950E-18
  0.1054805      3.2855440E-18
  0.1056056      3.1793952E-18
  0.1057307      3.0765473E-18
  0.1058559      2.9769023E-18
  0.1059810      2.8803643E-18
  0.1061061      2.7868406E-18
  0.1062312      2.6962411E-18
  0.1063564      2.6084781E-18
  0.1064815      2.5234667E-18
  0.1066066      2.4411237E-18
  0.1067317      2.3613692E-18
  0.1068569      2.2841253E-18
  0.1069820      2.2093157E-18
  0.1071071      2.1368673E-18
  0.1072322      2.0667085E-18
  0.1073574      1.9987697E-18
  0.1074825      1.9329838E-18
  0.1076076      1.8692851E-18
  0.1077327      1.8076101E-18
  0.1078579      1.7478972E-18
  0.1079830      1.6900863E-18
  0.1081081      1.6341194E-18
  0.1082332      1.5799400E-18
  0.1083584      1.5274933E-18
  0.1084835      1.4767260E-18
  0.1086086      1.4275866E-18
  0.1087337      1.3800247E-18
  0.1088589      1.3339919E-18
  0.1089840      1.2894408E-18
  0.1091091      1.2463257E-18
  0.1092342      1.2046020E-18
  0.1093594      1.1642267E-18
  0.1094845      1.1251577E-18
  0.1096096      1.0873547E-18
  0.1097347      1.0507779E-18
  0.1098599      1.0153892E-18
  0.1099850      9.8115149E-19
  0.1101101      9.4802880E-19
  0.1102352      9.1598610E-19
  0.1103604      8.8498958E-19
  0.1104855      8.5500645E-19
  0.1106106      8.2600472E-19
  0.1107357      7.9795353E-19
  0.1108609      7.7082283E-19
  0.1109860      7.4458363E-19
  0.1111111      7.1920769E-19
  0.1112362      6.9466773E-19
  0.1113614      6.7093710E-19
  0.1114865      6.4799023E-19
  0.1116116      6.2580210E-19
  0.1117367      6.0434860E-19
  0.1118619      5.8360632E-19
  0.1119870      5.6355246E-19
  0.1121121      5.4416506E-19
  0.1122372      5.2542280E-19
  0.1123624      5.0730496E-19
  0.1124875      4.8979153E-19
  0.1126126      4.7286302E-19
  0.1127377      4.5650061E-19
  0.1128629      4.4068611E-19
  0.1129880      4.2540175E-19
  0.1131131      4.1063042E-19
  0.1132382      3.9635556E-19
  0.1133634      3.8256100E-19
  0.1134885      3.6923122E-19
  0.1136136      3.5635109E-19
  0.1137387      3.4390597E-19
  0.1138639      3.3188169E-19
  0.1139890      3.2026453E-19
  0.1141141      3.0904117E-19
  0.1142392      2.9819871E-19
  0.1143644      2.8772472E-19
  0.1144895      2.7760709E-19
  0.1146146      2.6783413E-19
  0.1147397      2.5839445E-19
  0.1148649      2.4927713E-19
  0.1149900      2.4047154E-19
  0.1151151      2.3196734E-19
  0.1152402      2.2375463E-19
  0.1153654      2.1582371E-19
  0.1154905      2.0816526E-19
  0.1156156      2.0077024E-19
  0.1157407      1.9362988E-19
  0.1158659      1.8673571E-19
  0.1159910      1.8007953E-19
  0.1161161      1.7365341E-19
  0.1162412      1.6744966E-19
  0.1163664      1.6146083E-19
  0.1164915      1.5567973E-19
  0.1166166      1.5009941E-19
  0.1167417      1.4471309E-19
  0.1168669      1.3951427E-19
  0.1169920      1.3449665E-19
  0.1171171      1.2965410E-19
  0.1172422      1.2498074E-19
  0.1173674      1.2047080E-19
  0.1174925      1.1611881E-19
  0.1176176      1.1191939E-19
  0.1177427      1.0786737E-19
  0.1178679      1.0395773E-19
  0.1179930      1.0018565E-19
  0.1181181      9.6546434E-20
  0.1182432      9.3035550E-20
  0.1183684      8.9648626E-20
  0.1184935      8.6381418E-20
  0.1186186      8.3229834E-20
  0.1187437      8.0189906E-20
  0.1188689      7.7257810E-20
  0.1189940      7.4429841E-20
  0.1191191      7.1702413E-20
  0.1192442      6.9072069E-20
  0.1193694      6.6535455E-20
  0.1194945      6.4089346E-20
  0.1196196      6.1730602E-20
  0.1197447      5.9456211E-20
  0.1198699      5.7263245E-20
  0.1199950      5.5148875E-20
  0.1201201      5.3110375E-20
  0.1202452      5.1145110E-20
  0.1203704      4.9250524E-20
  0.1204955      4.7424158E-20
  0.1206206      4.5663624E-20
  0.1207457      4.3966627E-20
  0.1208709      4.2330945E-20
  0.1209960      4.0754426E-20
  0.1211211      3.9234996E-20
  0.1212462      3.7770647E-20
  0.1213714      3.6359451E-20
  0.1214965      3.4999527E-20
  0.1216216      3.3689076E-20
  0.1217467      3.2426346E-20
  0.1218719      3.1209654E-20
  0.1219970      3.0037371E-20
  0.1221221      2.8907924E-20
  0.1222472      2.7819793E-20
  0.1223724      2.6771515E-20
  0.1224975      2.5761671E-20
  0.1226226      2.4788892E-20
  0.1227477      2.3851860E-20
  0.1228729      2.2949297E-20
  0.1229980      2.2079974E-20
  0.1231231      2.1242703E-20
  0.1232482      2.0436336E-20
  0.1233734      1.9659765E-20
  0.1234985      1.8911919E-20
  0.1236236      1.8191770E-20
  0.1237487      1.7498319E-20
  0.1238739      1.6830607E-20
  0.1239990      1.6187703E-20
  0.1241241      1.5568714E-20
  0.1242492      1.4972774E-20
  0.1243744      1.4399050E-20
  0.1244995      1.3846737E-20
  0.1246246      1.3315058E-20
  0.1247497      1.2803266E-20
  0.1248749      1.2310637E-20
  0.1250000      1.1836473E-20
