ATD      MXN        11.5307   42.8466  610.0    0.0    0.0    0.0       1.0000    3634 2013 267 11 29 48.000
ATD      MXE        11.5307   42.8466  610.0    0.0   90.0    0.0       1.0000    3634 2013 267 11 29 48.000
ATD      MXZ        11.5307   42.8466  610.0    0.0    0.0  -90.0       1.0000    3634 2013 267 11 29 48.000
CCD      MXN       -75.1065  123.3050 3240.0    0.0    0.0    0.0       1.0000    3634 2013 267 11 29 48.000
CCD      MXE       -75.1065  123.3050 3240.0    0.0   90.0    0.0       1.0000    3634 2013 267 11 29 48.000
CCD      MXZ       -75.1065  123.3050 3240.0    0.0    0.0  -90.0       1.0000    3634 2013 267 11 29 48.000
CLF      MXN        48.0258    2.2600  145.0    0.0    0.0    0.0       1.0000    3634 2013 267 11 29 48.000
CLF      MXE        48.0258    2.2600  145.0    0.0   90.0    0.0       1.0000    3634 2013 267 11 29 48.000
CLF      MXZ        48.0258    2.2600  145.0    0.0    0.0  -90.0       1.0000    3634 2013 267 11 29 48.000
CRZF     MXN       -46.4310   51.8553  140.0    2.0    0.0    0.0       1.0000    3634 2013 267 11 29 48.000
CRZF     MXE       -46.4310   51.8553  140.0    2.0   90.0    0.0       1.0000    3634 2013 267 11 29 48.000
CRZF     MXZ       -46.4310   51.8553  140.0    2.0    0.0  -90.0       1.0000    3634 2013 267 11 29 48.000
ECH      MXN        48.2163    7.1590  580.0  250.0    0.0    0.0       1.0000    3634 2013 267 11 29 48.000
ECH      MXE        48.2163    7.1590  580.0  250.0   90.0    0.0       1.0000    3634 2013 267 11 29 48.000
ECH      MXZ        48.2163    7.1590  580.0  250.0    0.0  -90.0       1.0000    3634 2013 267 11 29 48.000
FOMA     MXN       -24.9757   46.9789   28.0    0.0    0.0    0.0       1.0000    3634 2013 267 11 29 48.000
FOMA     MXE       -24.9757   46.9789   28.0    0.0   90.0    0.0       1.0000    3634 2013 267 11 29 48.000
FOMA     MXZ       -24.9757   46.9789   28.0    0.0    0.0  -90.0       1.0000    3634 2013 267 11 29 48.000
PAF      MXN       -49.3510   70.2107   17.0    0.0    0.0    0.0       1.0000    3634 2013 267 11 29 48.000
PAF      MXE       -49.3510   70.2107   17.0    0.0   90.0    0.0       1.0000    3634 2013 267 11 29 48.000
PAF      MXZ       -49.3510   70.2107   17.0    0.0    0.0  -90.0       1.0000    3634 2013 267 11 29 48.000
RER      MXN       -21.1712   55.7399  834.0    0.0    0.0    0.0       1.0000    3634 2013 267 11 29 48.000
RER      MXE       -21.1712   55.7399  834.0    0.0   90.0    0.0       1.0000    3634 2013 267 11 29 48.000
RER      MXZ       -21.1712   55.7399  834.0    0.0    0.0  -90.0       1.0000    3634 2013 267 11 29 48.000
ROCAM    MXN       -19.7555   63.3701   52.0    0.0    0.0    0.0       1.0000    3634 2013 267 11 29 48.000
ROCAM    MXE       -19.7555   63.3701   52.0    0.0   90.0    0.0       1.0000    3634 2013 267 11 29 48.000
ROCAM    MXZ       -19.7555   63.3701   52.0    0.0    0.0  -90.0       1.0000    3634 2013 267 11 29 48.000
RODM     MXN       -19.6962   63.4413  300.0    0.0    0.0    0.0       1.0000    3634 2013 267 11 29 48.000
RODM     MXE       -19.6962   63.4413  300.0    0.0   90.0    0.0       1.0000    3634 2013 267 11 29 48.000
RODM     MXZ       -19.6962   63.4413  300.0    0.0    0.0  -90.0       1.0000    3634 2013 267 11 29 48.000
SSB      MXN        45.2790    4.5420  700.0    0.0    0.0    0.0       1.0000    3634 2013 267 11 29 48.000
SSB      MXE        45.2790    4.5420  700.0    0.0   90.0    0.0       1.0000    3634 2013 267 11 29 48.000
SSB      MXZ        45.2790    4.5420  700.0    0.0    0.0  -90.0       1.0000    3634 2013 267 11 29 48.000
TAM      MXN        22.7915    5.5284 1410.0    0.0    0.0    0.0       1.0000    3634 2013 267 11 29 48.000
TAM      MXE        22.7915    5.5284 1410.0    0.0   90.0    0.0       1.0000    3634 2013 267 11 29 48.000
TAM      MXZ        22.7915    5.5284 1410.0    0.0    0.0  -90.0       1.0000    3634 2013 267 11 29 48.000
EURO     MXN       -22.3440   40.3401   10.0    0.0    0.0    0.0       1.0000    3634 2013 267 11 29 48.000
EURO     MXE       -22.3440   40.3401   10.0    0.0   90.0    0.0       1.0000    3634 2013 267 11 29 48.000
EURO     MXZ       -22.3440   40.3401   10.0    0.0    0.0  -90.0       1.0000    3634 2013 267 11 29 48.000
GLOR     MXN       -11.5824   47.2895    4.0    0.0    0.0    0.0       1.0000    3634 2013 267 11 29 48.000
GLOR     MXE       -11.5824   47.2895    4.0    0.0   90.0    0.0       1.0000    3634 2013 267 11 29 48.000
GLOR     MXZ       -11.5824   47.2895    4.0    0.0    0.0  -90.0       1.0000    3634 2013 267 11 29 48.000
JNOV     MXN       -17.0543   42.7126    8.0    0.0    0.0    0.0       1.0000    3634 2013 267 11 29 48.000
JNOV     MXE       -17.0543   42.7126    8.0    0.0   90.0    0.0       1.0000    3634 2013 267 11 29 48.000
JNOV     MXZ       -17.0543   42.7126    8.0    0.0    0.0  -90.0       1.0000    3634 2013 267 11 29 48.000
MAYO     MXN       -12.8456   45.1868    0.0    0.0    0.0    0.0       1.0000    3634 2013 267 11 29 48.000
MAYO     MXE       -12.8456   45.1868    0.0    0.0   90.0    0.0       1.0000    3634 2013 267 11 29 48.000
MAYO     MXZ       -12.8456   45.1868    0.0    0.0    0.0  -90.0       1.0000    3634 2013 267 11 29 48.000
RR01     MXN       -20.0069   55.4230  -4298    0.0   0.0    0.0       1.0000    3634 2013 267 11 29 48.000
RR01     MXE       -20.0069   55.4230  -4298    0.0  90.0    0.0       1.0000    3634 2013 267 11 29 48.000
RR01     MXZ       -20.0069   55.4230  -4298    0.0   0.0  -90.0       1.0000    3634 2013 267 11 29 48.000
RR03     MXN       -21.3732   54.1294  -4340    0.0   0.0    0.0       1.0000    3634 2013 267 11 29 48.000
RR03     MXE       -21.3732   54.1294  -4340    0.0  90.0    0.0       1.0000    3634 2013 267 11 29 48.000
RR03     MXZ       -21.3732   54.1294  -4340    0.0   0.0  -90.0       1.0000    3634 2013 267 11 29 48.000
RR05     MXN       -21.6626   56.6676  -4092    0.0   0.0    0.0       1.0000    3634 2013 267 11 29 48.000
RR05     MXE       -21.6626   56.6676  -4092    0.0  90.0    0.0       1.0000    3634 2013 267 11 29 48.000
RR05     MXZ       -21.6626   56.6676  -4092    0.0   0.0  -90.0       1.0000    3634 2013 267 11 29 48.000
RR06     MXN       -20.6550   56.7639  -4216    0.0   0.0    0.0       1.0000    3634 2013 267 11 29 48.000
RR06     MXE       -20.6550   56.7639  -4216    0.0  90.0    0.0       1.0000    3634 2013 267 11 29 48.000
RR06     MXZ       -20.6550   56.7639  -4216    0.0   0.0  -90.0       1.0000    3634 2013 267 11 29 48.000
RR07     MXN       -20.1945   59.4058  -4370    0.0   0.0    0.0       1.0000    3634 2013 267 11 29 48.000
RR07     MXE       -20.1945   59.4058  -4370    0.0  90.0    0.0       1.0000    3634 2013 267 11 29 48.000
RR07     MXZ       -20.1945   59.4058  -4370    0.0   0.0  -90.0       1.0000    3634 2013 267 11 29 48.000
RR08     MXN       -19.9259   61.2907  -4190    0.0   0.0    0.0       1.0000    3634 2013 267 11 29 48.000
RR08     MXE       -19.9259   61.2907  -4190    0.0  90.0    0.0       1.0000    3634 2013 267 11 29 48.000
RR08     MXZ       -19.9259   61.2907  -4190    0.0   0.0  -90.0       1.0000    3634 2013 267 11 29 48.000
RR09     MXN       -19.4924   64.4485  -2976    0.0   0.0    0.0       1.0000    3634 2013 267 11 29 48.000
RR09     MXE       -19.4924   64.4485  -2976    0.0  90.0    0.0       1.0000    3634 2013 267 11 29 48.000
RR09     MXZ       -19.4924   64.4485  -2976    0.0   0.0  -90.0       1.0000    3634 2013 267 11 29 48.000
RR10     MXN       -19.6437   65.7558  -2310    0.0   0.0    0.0       1.0000    3634 2013 267 11 29 48.000
RR10     MXE       -19.6437   65.7558  -2310    0.0  90.0    0.0       1.0000    3634 2013 267 11 29 48.000
RR10     MXZ       -19.6437   65.7558  -2310    0.0   0.0  -90.0       1.0000    3634 2013 267 11 29 48.000
RR11     MXN       -18.7784   65.4629  -3473    0.0   0.0    0.0       1.0000    3634 2013 267 11 29 48.000
RR11     MXE       -18.7784   65.4629  -3473    0.0  90.0    0.0       1.0000    3634 2013 267 11 29 48.000
RR11     MXZ       -18.7784   65.4629  -3473    0.0   0.0  -90.0       1.0000    3634 2013 267 11 29 48.000
RR12     MXN       -18.9255   63.6474  -3185    0.0   0.0    0.0       1.0000    3634 2013 267 11 29 48.000
RR12     MXE       -18.9255   63.6474  -3185    0.0  90.0    0.0       1.0000    3634 2013 267 11 29 48.000
RR12     MXZ       -18.9255   63.6474  -3185    0.0   0.0  -90.0       1.0000    3634 2013 267 11 29 48.000
RR13     MXN       -18.5427   60.5635  -4130    0.0   0.0    0.0       1.0000    3634 2013 267 11 29 48.000
RR13     MXE       -18.5427   60.5635  -4130    0.0  90.0    0.0       1.0000    3634 2013 267 11 29 48.000
RR13     MXZ       -18.5427   60.5635  -4130    0.0   0.0  -90.0       1.0000    3634 2013 267 11 29 48.000
RR14     MXN       -17.8448   62.5299  -3420    0.0   0.0    0.0       1.0000    3634 2013 267 11 29 48.000
RR14     MXE       -17.8448   62.5299  -3420    0.0  90.0    0.0       1.0000    3634 2013 267 11 29 48.000
RR14     MXZ       -17.8448   62.5299  -3420    0.0   0.0  -90.0       1.0000    3634 2013 267 11 29 48.000
RR16     MXN       -16.8976   56.5335  -4426    0.0   0.0    0.0       1.0000    3634 2013 267 11 29 48.000
RR16     MXE       -16.8976   56.5335  -4426    0.0  90.0    0.0       1.0000    3634 2013 267 11 29 48.000
RR16     MXZ       -16.8976   56.5335  -4426    0.0   0.0  -90.0       1.0000    3634 2013 267 11 29 48.000
RR17     MXN       -19.0427   57.1322  -2205    0.0   0.0    0.0       1.0000    3634 2013 267 11 29 48.000
RR17     MXE       -19.0427   57.1322  -2205    0.0  90.0    0.0       1.0000    3634 2013 267 11 29 48.000
RR17     MXZ       -19.0427   57.1322  -2205    0.0   0.0  -90.0       1.0000    3634 2013 267 11 29 48.000
RR18     MXN       -18.7504   54.8878  -4743    0.0   0.0    0.0       1.0000    3634 2013 267 11 29 48.000
RR18     MXE       -18.7504   54.8878  -4743    0.0  90.0    0.0       1.0000    3634 2013 267 11 29 48.000
RR18     MXZ       -18.7504   54.8878  -4743    0.0   0.0  -90.0       1.0000    3634 2013 267 11 29 48.000
RR19     MXN       -19.8500   53.3805  -4901    0.0   0.0    0.0       1.0000    3634 2013 267 11 29 48.000
RR19     MXE       -19.8500   53.3805  -4901    0.0  90.0    0.0       1.0000    3634 2013 267 11 29 48.000
RR19     MXZ       -19.8500   53.3805  -4901    0.0   0.0  -90.0       1.0000    3634 2013 267 11 29 48.000
RR20     MXN       -18.4774   51.4600  -4820    0.0   0.0    0.0       1.0000    3634 2013 267 11 29 48.000
RR20     MXE       -18.4774   51.4600  -4820    0.0  90.0    0.0       1.0000    3634 2013 267 11 29 48.000
RR20     MXZ       -18.4774   51.4600  -4820    0.0   0.0  -90.0       1.0000    3634 2013 267 11 29 48.000
RR21     MXN       -20.4217   50.5599  -4782    0.0   0.0    0.0       1.0000    3634 2013 267 11 29 48.000
RR21     MXE       -20.4217   50.5599  -4782    0.0  90.0    0.0       1.0000    3634 2013 267 11 29 48.000
RR21     MXZ       -20.4217   50.5599  -4782    0.0   0.0  -90.0       1.0000    3634 2013 267 11 29 48.000
RR22     MXN       -21.3007   52.4994  -4920    0.0   0.0    0.0       1.0000    3634 2013 267 11 29 48.000
RR22     MXE       -21.3007   52.4994  -4920    0.0  90.0    0.0       1.0000    3634 2013 267 11 29 48.000
RR22     MXZ       -21.3007   52.4994  -4920    0.0   0.0  -90.0       1.0000    3634 2013 267 11 29 48.000
RR25     MXN       -23.2662   56.7249  -4759    0.0   0.0    0.0       1.0000    3634 2013 267 11 29 48.000
RR25     MXE       -23.2662   56.7249  -4759    0.0  90.0    0.0       1.0000    3634 2013 267 11 29 48.000
RR25     MXZ       -23.2662   56.7249  -4759    0.0   0.0  -90.0       1.0000    3634 2013 267 11 29 48.000
RR26     MXN       -23.2293   54.4698  -4259    0.0   0.0    0.0       1.0000    3634 2013 267 11 29 48.000
RR26     MXE       -23.2293   54.4698  -4259    0.0  90.0    0.0       1.0000    3634 2013 267 11 29 48.000
RR26     MXZ       -23.2293   54.4698  -4259    0.0   0.0  -90.0       1.0000    3634 2013 267 11 29 48.000
RR28     MXN       -22.7152   53.1595  -4550    0.0   0.0    0.0       1.0000    3634 2013 267 11 29 48.000
RR28     MXE       -22.7152   53.1595  -4550    0.0  90.0    0.0       1.0000    3634 2013 267 11 29 48.000
RR28     MXZ       -22.7152   53.1595  -4550    0.0   0.0  -90.0       1.0000    3634 2013 267 11 29 48.000
RR29     MXN       -24.9657   51.7488  -4829    0.0   0.0    0.0       1.0000    3634 2013 267 11 29 48.000
RR29     MXE       -24.9657   51.7488  -4829    0.0  90.0    0.0       1.0000    3634 2013 267 11 29 48.000
RR29     MXZ       -24.9657   51.7488  -4829    0.0   0.0  -90.0       1.0000    3634 2013 267 11 29 48.000
RR30     MXN       -26.4861   49.8917  -5140    0.0   0.0    0.0       1.0000    3634 2013 267 11 29 48.000
RR30     MXE       -26.4861   49.8917  -5140    0.0  90.0    0.0       1.0000    3634 2013 267 11 29 48.000
RR30     MXZ       -26.4861   49.8917  -5140    0.0   0.0  -90.0       1.0000    3634 2013 267 11 29 48.000
RR32     MXN       -30.2903   49.5555  -4670    0.0   0.0    0.0       1.0000    3634 2013 267 11 29 48.000
RR32     MXE       -30.2903   49.5555  -4670    0.0  90.0    0.0       1.0000    3634 2013 267 11 29 48.000
RR32     MXZ       -30.2903   49.5555  -4670    0.0   0.0  -90.0       1.0000    3634 2013 267 11 29 48.000
RR36     MXN       -33.7018   55.9578  -3560    0.0   0.0    0.0       1.0000    3634 2013 267 11 29 48.000
RR36     MXE       -33.7018   55.9578  -3560    0.0  90.0    0.0       1.0000    3634 2013 267 11 29 48.000
RR36     MXZ       -33.7018   55.9578  -3560    0.0   0.0  -90.0       1.0000    3634 2013 267 11 29 48.000
RR37     MXN       -31.7010   57.8876  -4036    0.0   0.0    0.0       1.0000    3634 2013 267 11 29 48.000
RR37     MXE       -31.7010   57.8876  -4036    0.0  90.0    0.0       1.0000    3634 2013 267 11 29 48.000
RR37     MXZ       -31.7010   57.8876  -4036    0.0   0.0  -90.0       1.0000    3634 2013 267 11 29 48.000
RR38     MXN       -30.5650   59.6858  -4560    0.0   0.0    0.0       1.0000    3634 2013 267 11 29 48.000
RR38     MXE       -30.5650   59.6858  -4560    0.0  90.0    0.0       1.0000    3634 2013 267 11 29 48.000
RR38     MXZ       -30.5650   59.6858  -4560    0.0   0.0  -90.0       1.0000    3634 2013 267 11 29 48.000
RR40     MXN       -28.1461   63.3020  -4780    0.0   0.0    0.0       1.0000    3634 2013 267 11 29 48.000
RR40     MXE       -28.1461   63.3020  -4780    0.0  90.0    0.0       1.0000    3634 2013 267 11 29 48.000
RR40     MXZ       -28.1461   63.3020  -4780    0.0   0.0  -90.0       1.0000    3634 2013 267 11 29 48.000
RR49     MXN       -26.2741   68.5354  -4444    0.0   0.0    0.0       1.0000    3634 2013 267 11 29 48.000
RR49     MXE       -26.2741   68.5354  -4444    0.0  90.0    0.0       1.0000    3634 2013 267 11 29 48.000
RR49     MXZ       -26.2741   68.5354  -4444    0.0   0.0  -90.0       1.0000    3634 2013 267 11 29 48.000
RR50     MXN       -25.5182   70.0222  -4118    0.0   0.0    0.0       1.0000    3634 2013 267 11 29 48.000
RR50     MXE       -25.5182   70.0222  -4118    0.0  90.0    0.0       1.0000    3634 2013 267 11 29 48.000
RR50     MXZ       -25.5182   70.0222  -4118    0.0   0.0  -90.0       1.0000    3634 2013 267 11 29 48.000
RR52     MXN       -20.4723   68.1094  -2918    0.0   0.0    0.0       1.0000    3634 2013 267 11 29 48.000
RR52     MXE       -20.4723   68.1094  -2918    0.0  90.0    0.0       1.0000    3634 2013 267 11 29 48.000
RR52     MXZ       -20.4723   68.1094  -2918    0.0   0.0  -90.0       1.0000    3634 2013 267 11 29 48.000
RR53     MXN       -20.1213   64.9664  -2940    0.0   0.0    0.0       1.0000    3634 2013 267 11 29 48.000
RR53     MXE       -20.1213   64.9664  -2940    0.0  90.0    0.0       1.0000    3634 2013 267 11 29 48.000
RR53     MXZ       -20.1213   64.9664  -2940    0.0   0.0  -90.0       1.0000    3634 2013 267 11 29 48.000
RR54     MXN       -20.6424   63.5082  -3375    0.0   0.0    0.0       1.0000    3634 2013 267 11 29 48.000
RR54     MXE       -20.6424   63.5082  -3375    0.0  90.0    0.0       1.0000    3634 2013 267 11 29 48.000
RR54     MXZ       -20.6424   63.5082  -3375    0.0   0.0  -90.0       1.0000    3634 2013 267 11 29 48.000
RR55     MXN       -21.4417   61.4959  -4462    0.0   0.0    0.0       1.0000    3634 2013 267 11 29 48.000
RR55     MXE       -21.4417   61.4959  -4462    0.0  90.0    0.0       1.0000    3634 2013 267 11 29 48.000
RR55     MXZ       -21.4417   61.4959  -4462    0.0   0.0  -90.0       1.0000    3634 2013 267 11 29 48.000
RR57     MXN       -24.7264   58.0496  -5200    0.0   0.0    0.0       1.0000    3634 2013 267 11 29 48.000
RR57     MXE       -24.7264   58.0496  -5200    0.0  90.0    0.0       1.0000    3634 2013 267 11 29 48.000
RR57     MXZ       -24.7264   58.0496  -5200    0.0   0.0  -90.0       1.0000    3634 2013 267 11 29 48.000
RUM2     MXN       -22.1367   48.0022   11.0    0.0    0.0    0.0       1.0000    3634 2013 267 11 29 48.000
RUM2     MXE       -22.1367   48.0022   11.0    0.0   90.0    0.0       1.0000    3634 2013 267 11 29 48.000
RUM2     MXZ       -22.1367   48.0022   11.0    0.0    0.0  -90.0       1.0000    3634 2013 267 11 29 48.000
