  0.0000000E+00  0.0000000E+00
  1.2512512E-04  1.3075523E-16
  2.5025025E-04  2.6150919E-16
  3.7537538E-04  3.9226056E-16
  5.0050049E-04  5.2300806E-16
  6.2562560E-04  6.5375046E-16
  7.5075077E-04  7.8448645E-16
  8.7587588E-04  9.1521465E-16
  1.0010010E-03  1.0459340E-15
  1.1261262E-03  1.1766429E-15
  1.2512512E-03  1.3073404E-15
  1.3763764E-03  1.4380250E-15
  1.5015015E-03  1.5686954E-15
  1.6266266E-03  1.6993504E-15
  1.7517518E-03  1.8299888E-15
  1.8768769E-03  1.9606092E-15
  2.0020020E-03  2.0912102E-15
  2.1271270E-03  2.2217907E-15
  2.2522523E-03  2.3523496E-15
  2.3773774E-03  2.4828852E-15
  2.5025024E-03  2.6133965E-15
  2.6276277E-03  2.7438819E-15
  2.7527527E-03  2.8743407E-15
  2.8778778E-03  3.0047710E-15
  3.0030031E-03  3.1351720E-15
  3.1281281E-03  3.2655420E-15
  3.2532532E-03  3.3958800E-15
  3.3783785E-03  3.5261848E-15
  3.5035035E-03  3.6564549E-15
  3.6286286E-03  3.7866892E-15
  3.7537538E-03  3.9168862E-15
  3.8788789E-03  4.0470446E-15
  4.0040039E-03  4.1771633E-15
  4.1291290E-03  4.3072413E-15
  4.2542540E-03  4.4372765E-15
  4.3793796E-03  4.5672686E-15
  4.5045046E-03  4.6972161E-15
  4.6296297E-03  4.8271171E-15
  4.7547547E-03  4.9569706E-15
  4.8798798E-03  5.0867759E-15
  5.0050048E-03  5.2165312E-15
  5.1301303E-03  5.3462352E-15
  5.2552554E-03  5.4758867E-15
  5.3803804E-03  5.6054845E-15
  5.5055055E-03  5.7350276E-15
  5.6306305E-03  5.8645143E-15
  5.7557556E-03  5.9939435E-15
  5.8808811E-03  6.1233138E-15
  6.0060062E-03  6.2526244E-15
  6.1311312E-03  6.3818736E-15
  6.2562563E-03  6.5110601E-15
  6.3813813E-03  6.6401827E-15
  6.5065064E-03  6.7692404E-15
  6.6316314E-03  6.8982321E-15
  6.7567569E-03  7.0271556E-15
  6.8818820E-03  7.1560105E-15
  7.0070070E-03  7.2847959E-15
  7.1321321E-03  7.4135093E-15
  7.2572571E-03  7.5421499E-15
  7.3823822E-03  7.6707177E-15
  7.5075077E-03  7.7992092E-15
  7.6326327E-03  7.9276253E-15
  7.7577578E-03  8.0559635E-15
  7.8828828E-03  8.1842229E-15
  8.0080079E-03  8.3124019E-15
  8.1331329E-03  8.4404995E-15
  8.2582580E-03  8.5685150E-15
  8.3833830E-03  8.6964466E-15
  8.5085081E-03  8.8242935E-15
  8.6336341E-03  8.9520532E-15
  8.7587591E-03  9.0797265E-15
  8.8838842E-03  9.2073100E-15
  9.0090092E-03  9.3348045E-15
  9.1341343E-03  9.4622076E-15
  9.2592593E-03  9.5895175E-15
  9.3843844E-03  9.7167342E-15
  9.5095094E-03  9.8438561E-15
  9.6346345E-03  9.9708822E-15
  9.7597595E-03  1.0097810E-14
  9.8848846E-03  1.0224641E-14
  1.0010010E-02  1.0351370E-14
  1.0135135E-02  1.0477999E-14
  1.0260261E-02  1.0604526E-14
  1.0385386E-02  1.0730949E-14
  1.0510511E-02  1.0857268E-14
  1.0635636E-02  1.0983481E-14
  1.0760761E-02  1.1109587E-14
  1.0885886E-02  1.1235585E-14
  1.1011011E-02  1.1361472E-14
  1.1136136E-02  1.1487250E-14
  1.1261261E-02  1.1612916E-14
  1.1386386E-02  1.1738468E-14
  1.1511511E-02  1.1863906E-14
  1.1636636E-02  1.1989228E-14
  1.1761762E-02  1.2114434E-14
  1.1886887E-02  1.2239522E-14
  1.2012012E-02  1.2364491E-14
  1.2137137E-02  1.2489340E-14
  1.2262262E-02  1.2614066E-14
  1.2387387E-02  1.2738671E-14
  1.2512513E-02  1.2863152E-14
  1.2637638E-02  1.2987507E-14
  1.2762763E-02  1.3111737E-14
  1.2887888E-02  1.3235839E-14
  1.3013013E-02  1.3359813E-14
  1.3138138E-02  1.3483657E-14
  1.3263263E-02  1.3607369E-14
  1.3388389E-02  1.3730950E-14
  1.3513514E-02  1.3854398E-14
  1.3638639E-02  1.3977711E-14
  1.3763764E-02  1.4100889E-14
  1.3888889E-02  1.4223930E-14
  1.4014014E-02  1.4346832E-14
  1.4139139E-02  1.4469596E-14
  1.4264264E-02  1.4592219E-14
  1.4389389E-02  1.4714702E-14
  1.4514514E-02  1.4837042E-14
  1.4639639E-02  1.4959239E-14
  1.4764764E-02  1.5081289E-14
  1.4889890E-02  1.5203196E-14
  1.5015015E-02  1.5324954E-14
  1.5140140E-02  1.5446564E-14
  1.5265265E-02  1.5568025E-14
  1.5390391E-02  1.5689335E-14
  1.5515516E-02  1.5810495E-14
  1.5640641E-02  1.5931501E-14
  1.5765766E-02  1.6052353E-14
  1.5890891E-02  1.6173051E-14
  1.6016016E-02  1.6293590E-14
  1.6141141E-02  1.6413976E-14
  1.6266266E-02  1.6534200E-14
  1.6391391E-02  1.6654267E-14
  1.6516516E-02  1.6774171E-14
  1.6641641E-02  1.6893915E-14
  1.6766766E-02  1.7013497E-14
  1.6891891E-02  1.7132913E-14
  1.7017016E-02  1.7252165E-14
  1.7142141E-02  1.7371252E-14
  1.7267268E-02  1.7490170E-14
  1.7392393E-02  1.7608921E-14
  1.7517518E-02  1.7727502E-14
  1.7642643E-02  1.7845912E-14
  1.7767768E-02  1.7964151E-14
  1.7892893E-02  1.8082217E-14
  1.8018018E-02  1.8200111E-14
  1.8143144E-02  1.8317828E-14
  1.8268269E-02  1.8435371E-14
  1.8393394E-02  1.8552735E-14
  1.8518519E-02  1.8669922E-14
  1.8643644E-02  1.8786930E-14
  1.8768769E-02  1.8903758E-14
  1.8893894E-02  1.9020404E-14
  1.9019019E-02  1.9136870E-14
  1.9144144E-02  1.9253150E-14
  1.9269269E-02  1.9369248E-14
  1.9394394E-02  1.9485159E-14
  1.9519519E-02  1.9600885E-14
  1.9644644E-02  1.9716421E-14
  1.9769769E-02  1.9831770E-14
  1.9894894E-02  1.9946930E-14
  2.0020019E-02  2.0061899E-14
  2.0145144E-02  2.0176675E-14
  2.0270269E-02  2.0291260E-14
  2.0395396E-02  2.0405652E-14
  2.0520521E-02  2.0519847E-14
  2.0645646E-02  2.0633848E-14
  2.0770771E-02  2.0747652E-14
  2.0895896E-02  2.0861258E-14
  2.1021022E-02  2.0974665E-14
  2.1146147E-02  2.1087873E-14
  2.1271272E-02  2.1200881E-14
  2.1396397E-02  2.1313685E-14
  2.1521522E-02  2.1426288E-14
  2.1646647E-02  2.1538686E-14
  2.1771772E-02  2.1650879E-14
  2.1896897E-02  2.1762868E-14
  2.2022022E-02  2.1874650E-14
  2.2147147E-02  2.1986222E-14
  2.2272272E-02  2.2097589E-14
  2.2397397E-02  2.2208743E-14
  2.2522522E-02  2.2319689E-14
  2.2647647E-02  2.2430422E-14
  2.2772772E-02  2.2540943E-14
  2.2897897E-02  2.2651250E-14
  2.3023022E-02  2.2761342E-14
  2.3148147E-02  2.2871221E-14
  2.3273272E-02  2.2980881E-14
  2.3398397E-02  2.3090325E-14
  2.3523524E-02  2.3199551E-14
  2.3648649E-02  2.3308558E-14
  2.3773775E-02  2.3417344E-14
  2.3898900E-02  2.3525910E-14
  2.4024025E-02  2.3634252E-14
  2.4149150E-02  2.3742374E-14
  2.4274275E-02  2.3850269E-14
  2.4399400E-02  2.3957942E-14
  2.4524525E-02  2.4065388E-14
  2.4649650E-02  2.4172608E-14
  2.4774775E-02  2.4279600E-14
  2.4899900E-02  2.4386365E-14
  2.5025025E-02  2.4492900E-14
  2.5150150E-02  2.4599204E-14
  2.5275275E-02  2.4705278E-14
  2.5400400E-02  2.4811120E-14
  2.5525525E-02  2.4916728E-14
  2.5650650E-02  2.5022102E-14
  2.5775775E-02  2.5127243E-14
  2.5900900E-02  2.5232148E-14
  2.6026025E-02  2.5336817E-14
  2.6151150E-02  2.5441248E-14
  2.6276276E-02  2.5545441E-14
  2.6401401E-02  2.5649396E-14
  2.6526526E-02  2.5753110E-14
  2.6651653E-02  2.5856585E-14
  2.6776778E-02  2.5959817E-14
  2.6901903E-02  2.6062807E-14
  2.7027028E-02  2.6165554E-14
  2.7152153E-02  2.6268057E-14
  2.7277278E-02  2.6370316E-14
  2.7402403E-02  2.6472327E-14
  2.7527528E-02  2.6574093E-14
  2.7652653E-02  2.6675612E-14
  2.7777778E-02  2.6776883E-14
  2.7902903E-02  2.6877905E-14
  2.8028028E-02  2.6978677E-14
  2.8153153E-02  2.7079198E-14
  2.8278278E-02  2.7179468E-14
  2.8403403E-02  2.7279486E-14
  2.8528528E-02  2.7379251E-14
  2.8653653E-02  2.7478762E-14
  2.8778778E-02  2.7578017E-14
  2.8903903E-02  2.7677018E-14
  2.9029028E-02  2.7775764E-14
  2.9154154E-02  2.7874252E-14
  2.9279279E-02  2.7972482E-14
  2.9404404E-02  2.8070453E-14
  2.9529529E-02  2.8168167E-14
  2.9654654E-02  2.8265620E-14
  2.9779781E-02  2.8362812E-14
  2.9904906E-02  2.8459741E-14
  3.0030031E-02  2.8556411E-14
  3.0155156E-02  2.8652817E-14
  3.0280281E-02  2.8748959E-14
  3.0405406E-02  2.8844836E-14
  3.0530531E-02  2.8940449E-14
  3.0655656E-02  2.9035795E-14
  3.0780781E-02  2.9130873E-14
  3.0905906E-02  2.9225686E-14
  3.1031031E-02  2.9320232E-14
  3.1156156E-02  2.9414507E-14
  3.1281281E-02  2.9508514E-14
  3.1406406E-02  2.9602250E-14
  3.1531531E-02  2.9695715E-14
  3.1656656E-02  2.9788905E-14
  3.1781781E-02  2.9881828E-14
  3.1906907E-02  2.9974477E-14
  3.2032032E-02  3.0066851E-14
  3.2157157E-02  3.0158950E-14
  3.2282282E-02  3.0250775E-14
  3.2407407E-02  3.0342326E-14
  3.2532532E-02  3.0433599E-14
  3.2657657E-02  3.0524597E-14
  3.2782782E-02  3.0615315E-14
  3.2907907E-02  3.0705757E-14
  3.3033032E-02  3.0795919E-14
  3.3158157E-02  3.0885799E-14
  3.3283282E-02  3.0975402E-14
  3.3408407E-02  3.1064723E-14
  3.3533532E-02  3.1153763E-14
  3.3658657E-02  3.1242519E-14
  3.3783782E-02  3.1330993E-14
  3.3908907E-02  3.1419186E-14
  3.4034032E-02  3.1507091E-14
  3.4159157E-02  3.1594715E-14
  3.4284282E-02  3.1682054E-14
  3.4409411E-02  3.1769106E-14
  3.4534536E-02  3.1855869E-14
  3.4659661E-02  3.1942348E-14
  3.4784786E-02  3.2028538E-14
  3.4909911E-02  3.2114441E-14
  3.5035037E-02  3.2200056E-14
  3.5160162E-02  3.2285379E-14
  3.5285287E-02  3.2370414E-14
  3.5410412E-02  3.2455158E-14
  3.5535537E-02  3.2539611E-14
  3.5660662E-02  3.2623776E-14
  3.5785787E-02  3.2707642E-14
  3.5910912E-02  3.2791220E-14
  3.6036037E-02  3.2874504E-14
  3.6161162E-02  3.2957493E-14
  3.6286287E-02  3.3040190E-14
  3.6411412E-02  3.3122590E-14
  3.6536537E-02  3.3204694E-14
  3.6661662E-02  3.3286504E-14
  3.6786787E-02  3.3368016E-14
  3.6911912E-02  3.3449233E-14
  3.7037037E-02  3.3530152E-14
  3.7162162E-02  3.3610772E-14
  3.7287287E-02  3.3691095E-14
  3.7412412E-02  3.3771119E-14
  3.7537538E-02  3.3850842E-14
  3.7662663E-02  3.3930266E-14
  3.7787788E-02  3.4009389E-14
  3.7912913E-02  3.4088211E-14
  3.8038038E-02  3.4166731E-14
  3.8163163E-02  3.4244953E-14
  3.8288288E-02  3.4322869E-14
  3.8413413E-02  3.4400481E-14
  3.8538538E-02  3.4477792E-14
  3.8663663E-02  3.4554801E-14
  3.8788788E-02  3.4631504E-14
  3.8913913E-02  3.4707900E-14
  3.9039038E-02  3.4783994E-14
  3.9164163E-02  3.4859783E-14
  3.9289288E-02  3.4935264E-14
  3.9414413E-02  3.5010440E-14
  3.9539538E-02  3.5085311E-14
  3.9664663E-02  3.5159870E-14
  3.9789788E-02  3.5234124E-14
  3.9914913E-02  3.5308070E-14
  4.0040039E-02  3.5381711E-14
  4.0165164E-02  3.5455037E-14
  4.0290289E-02  3.5528058E-14
  4.0415414E-02  3.5600768E-14
  4.0540539E-02  3.5673169E-14
  4.0665668E-02  3.5745258E-14
  4.0790793E-02  3.5817039E-14
  4.0915918E-02  3.5888505E-14
  4.1041043E-02  3.5959662E-14
  4.1166168E-02  3.6030508E-14
  4.1291293E-02  3.6101039E-14
  4.1416418E-02  3.6171261E-14
  4.1541543E-02  3.6241169E-14
  4.1666668E-02  3.6310761E-14
  4.1791793E-02  3.6380041E-14
  4.1916918E-02  3.6449007E-14
  4.2042043E-02  3.6517661E-14
  4.2167168E-02  3.6585999E-14
  4.2292293E-02  3.6654019E-14
  4.2417418E-02  3.6721728E-14
  4.2542543E-02  3.6789118E-14
  4.2667668E-02  3.6856196E-14
  4.2792793E-02  3.6922956E-14
  4.2917918E-02  3.6989397E-14
  4.3043043E-02  3.7055523E-14
  4.3168169E-02  3.7121334E-14
  4.3293294E-02  3.7186827E-14
  4.3418419E-02  3.7252001E-14
  4.3543544E-02  3.7316856E-14
  4.3668669E-02  3.7381394E-14
  4.3793794E-02  3.7445616E-14
  4.3918919E-02  3.7509516E-14
  4.4044044E-02  3.7573097E-14
  4.4169169E-02  3.7636361E-14
  4.4294294E-02  3.7699302E-14
  4.4419419E-02  3.7761928E-14
  4.4544544E-02  3.7824229E-14
  4.4669669E-02  3.7886215E-14
  4.4794794E-02  3.7947876E-14
  4.4919919E-02  3.8009218E-14
  4.5045044E-02  3.8070241E-14
  4.5170169E-02  3.8130940E-14
  4.5295294E-02  3.8191320E-14
  4.5420419E-02  3.8251374E-14
  4.5545544E-02  3.8311110E-14
  4.5670670E-02  3.8370525E-14
  4.5795795E-02  3.8429617E-14
  4.5920920E-02  3.8488384E-14
  4.6046045E-02  3.8546830E-14
  4.6171170E-02  3.8604953E-14
  4.6296295E-02  3.8662755E-14
  4.6421420E-02  3.8720231E-14
  4.6546545E-02  3.8777385E-14
  4.6671670E-02  3.8834218E-14
  4.6796795E-02  3.8890722E-14
  4.6921924E-02  3.8946907E-14
  4.7047049E-02  3.9002764E-14
  4.7172174E-02  3.9058302E-14
  4.7297299E-02  3.9113512E-14
  4.7422424E-02  3.9168399E-14
  4.7547549E-02  3.9222958E-14
  4.7672674E-02  3.9277196E-14
  4.7797799E-02  3.9331111E-14
  4.7922924E-02  3.9384698E-14
  4.8048049E-02  3.9437959E-14
  4.8173174E-02  3.9490899E-14
  4.8298299E-02  3.9543510E-14
  4.8423424E-02  3.9595795E-14
  4.8548549E-02  3.9647759E-14
  4.8673674E-02  3.9699394E-14
  4.8798800E-02  3.9750704E-14
  4.8923925E-02  3.9801689E-14
  4.9049050E-02  3.9852348E-14
  4.9174175E-02  3.9902679E-14
  4.9299300E-02  3.9952687E-14
  4.9424425E-02  4.0002368E-14
  4.9549550E-02  4.0051723E-14
  4.9674675E-02  4.0100752E-14
  4.9799800E-02  4.0149453E-14
  4.9924925E-02  4.0197829E-14
  5.0050050E-02  4.0245879E-14
  5.0175175E-02  4.0293601E-14
  5.0300300E-02  4.0340998E-14
  5.0425425E-02  4.0388069E-14
  5.0550550E-02  4.0434812E-14
  5.0675675E-02  4.0481229E-14
  5.0800800E-02  4.0527321E-14
  5.0925925E-02  4.0573085E-14
  5.1051050E-02  4.0618523E-14
  5.1176175E-02  4.0663636E-14
  5.1301301E-02  4.0708420E-14
  5.1426426E-02  4.0752876E-14
  5.1551551E-02  4.0797010E-14
  5.1676676E-02  4.0840815E-14
  5.1801801E-02  4.0884292E-14
  5.1926926E-02  4.0927443E-14
  5.2052051E-02  4.0970269E-14
  5.2177176E-02  4.1012766E-14
  5.2302301E-02  4.1054938E-14
  5.2427426E-02  4.1096785E-14
  5.2552551E-02  4.1138303E-14
  5.2677676E-02  4.1179496E-14
  5.2802801E-02  4.1220364E-14
  5.2927926E-02  4.1260903E-14
  5.3053051E-02  4.1301116E-14
  5.3178180E-02  4.1341005E-14
  5.3303305E-02  4.1380568E-14
  5.3428430E-02  4.1419803E-14
  5.3553555E-02  4.1458712E-14
  5.3678680E-02  4.1497296E-14
  5.3803805E-02  4.1535555E-14
  5.3928930E-02  4.1573485E-14
  5.4054055E-02  4.1611093E-14
  5.4179180E-02  4.1648373E-14
  5.4304305E-02  4.1685331E-14
  5.4429431E-02  4.1721960E-14
  5.4554556E-02  4.1758264E-14
  5.4679681E-02  4.1794245E-14
  5.4804806E-02  4.1829899E-14
  5.4929931E-02  4.1865230E-14
  5.5055056E-02  4.1900233E-14
  5.5180181E-02  4.1934914E-14
  5.5305306E-02  4.1969270E-14
  5.5430431E-02  4.2003300E-14
  5.5555556E-02  4.2037009E-14
  5.5680681E-02  4.2070392E-14
  5.5805806E-02  4.2103450E-14
  5.5930931E-02  4.2136183E-14
  5.6056056E-02  4.2168597E-14
  5.6181181E-02  4.2200682E-14
  5.6306306E-02  4.2232446E-14
  5.6431431E-02  4.2263888E-14
  5.6556556E-02  4.2295005E-14
  5.6681681E-02  4.2325803E-14
  5.6806806E-02  4.2356272E-14
  5.6931932E-02  4.2386423E-14
  5.7057057E-02  4.2416252E-14
  5.7182182E-02  4.2445756E-14
  5.7307307E-02  4.2474938E-14
  5.7432432E-02  4.2503802E-14
  5.7557557E-02  4.2532340E-14
  5.7682682E-02  4.2560560E-14
  5.7807807E-02  4.2588457E-14
  5.7932932E-02  4.2616033E-14
  5.8058057E-02  4.2643288E-14
  5.8183182E-02  4.2670223E-14
  5.8308307E-02  4.2696840E-14
  5.8433432E-02  4.2723132E-14
  5.8558557E-02  4.2749109E-14
  5.8683682E-02  4.2774764E-14
  5.8808807E-02  4.2800100E-14
  5.8933932E-02  4.2825115E-14
  5.9059057E-02  4.2849815E-14
  5.9184182E-02  4.2874192E-14
  5.9309307E-02  4.2898255E-14
  5.9434436E-02  4.2921999E-14
  5.9559561E-02  4.2945421E-14
  5.9684686E-02  4.2968531E-14
  5.9809811E-02  4.2991320E-14
  5.9934936E-02  4.3013793E-14
  6.0060062E-02  4.3035948E-14
  6.0185187E-02  4.3057788E-14
  6.0310312E-02  4.3079313E-14
  6.0435437E-02  4.3100519E-14
  6.0560562E-02  4.3121411E-14
  6.0685687E-02  4.3141987E-14
  6.0810812E-02  4.3162248E-14
  6.0935937E-02  4.3182197E-14
  6.1061062E-02  4.3201828E-14
  6.1186187E-02  4.3221147E-14
  6.1311312E-02  4.3240151E-14
  6.1436437E-02  4.3258840E-14
  6.1561562E-02  4.3277221E-14
  6.1686687E-02  4.3295283E-14
  6.1811812E-02  4.3313037E-14
  6.1936937E-02  4.3330475E-14
  6.2062062E-02  4.3347606E-14
  6.2187187E-02  4.3364421E-14
  6.2312312E-02  4.3380928E-14
  6.2437437E-02  4.3397120E-14
  6.2562563E-02  4.3413007E-14
  6.2687688E-02  4.3428579E-14
  6.2812813E-02  4.3443842E-14
  6.2937938E-02  4.3458797E-14
  6.3063063E-02  4.3473444E-14
  6.3188188E-02  4.3487779E-14
  6.3313313E-02  4.3501810E-14
  6.3438438E-02  4.3515528E-14
  6.3563563E-02  4.3528942E-14
  6.3688688E-02  4.3542047E-14
  6.3813813E-02  4.3554847E-14
  6.3938938E-02  4.3567340E-14
  6.4064063E-02  4.3579527E-14
  6.4189188E-02  4.3591409E-14
  6.4314313E-02  4.3602983E-14
  6.4439438E-02  4.3614255E-14
  6.4564563E-02  4.3625219E-14
  6.4689688E-02  4.3635881E-14
  6.4814813E-02  4.3646242E-14
  6.4939938E-02  4.3656295E-14
  6.5065064E-02  4.3666049E-14
  6.5190189E-02  4.3675499E-14
  6.5315314E-02  4.3684647E-14
  6.5440439E-02  4.3693493E-14
  6.5565564E-02  4.3702038E-14
  6.5690689E-02  4.3710285E-14
  6.5815814E-02  4.3718230E-14
  6.5940939E-02  4.3725874E-14
  6.6066064E-02  4.3733219E-14
  6.6191189E-02  4.3740266E-14
  6.6316314E-02  4.3747012E-14
  6.6441439E-02  4.3753463E-14
  6.6566564E-02  4.3759616E-14
  6.6691689E-02  4.3765471E-14
  6.6816814E-02  4.3771027E-14
  6.6941939E-02  4.3776292E-14
  6.7067064E-02  4.3781259E-14
  6.7192189E-02  4.3785928E-14
  6.7317314E-02  4.3790306E-14
  6.7442439E-02  4.3794388E-14
  6.7567565E-02  4.3798176E-14
  6.7692690E-02  4.3801673E-14
  6.7817815E-02  4.3804875E-14
  6.7942940E-02  4.3807785E-14
  6.8068065E-02  4.3810401E-14
  6.8193190E-02  4.3812728E-14
  6.8318315E-02  4.3814765E-14
  6.8443440E-02  4.3816510E-14
  6.8568565E-02  4.3817963E-14
  6.8693690E-02  4.3819129E-14
  6.8818823E-02  4.3820006E-14
  6.8943948E-02  4.3820596E-14
  6.9069073E-02  4.3820897E-14
  6.9194198E-02  4.3820911E-14
  6.9319323E-02  4.3820636E-14
  6.9444448E-02  4.3820077E-14
  6.9569573E-02  4.3819230E-14
  6.9694698E-02  4.3818102E-14
  6.9819823E-02  4.3816686E-14
  6.9944948E-02  4.3814985E-14
  7.0070073E-02  4.3813003E-14
  7.0195198E-02  4.3810736E-14
  7.0320323E-02  4.3808188E-14
  7.0445448E-02  4.3805356E-14
  7.0570573E-02  4.3802245E-14
  7.0695698E-02  4.3798851E-14
  7.0820823E-02  4.3795178E-14
  7.0945948E-02  4.3791224E-14
  7.1071073E-02  4.3786992E-14
  7.1196198E-02  4.3782479E-14
  7.1321324E-02  4.3777688E-14
  7.1446449E-02  4.3772623E-14
  7.1571574E-02  4.3767280E-14
  7.1696699E-02  4.3761659E-14
  7.1821824E-02  4.3755760E-14
  7.1946949E-02  4.3749591E-14
  7.2072074E-02  4.3743143E-14
  7.2197199E-02  4.3736421E-14
  7.2322324E-02  4.3729428E-14
  7.2447449E-02  4.3722160E-14
  7.2572574E-02  4.3714622E-14
  7.2697699E-02  4.3706809E-14
  7.2822824E-02  4.3698728E-14
  7.2947949E-02  4.3690373E-14
  7.3073074E-02  4.3681750E-14
  7.3198199E-02  4.3672860E-14
  7.3323324E-02  4.3663698E-14
  7.3448449E-02  4.3654269E-14
  7.3573574E-02  4.3644572E-14
  7.3698699E-02  4.3634608E-14
  7.3823825E-02  4.3624375E-14
  7.3948950E-02  4.3613879E-14
  7.4074075E-02  4.3603118E-14
  7.4199200E-02  4.3592093E-14
  7.4324325E-02  4.3580804E-14
  7.4449450E-02  4.3569250E-14
  7.4574575E-02  4.3557436E-14
  7.4699700E-02  4.3545357E-14
  7.4824825E-02  4.3533018E-14
  7.4949950E-02  4.3520417E-14
  7.5075075E-02  4.3507559E-14
  7.5200200E-02  4.3494440E-14
  7.5325325E-02  4.3481061E-14
  7.5450450E-02  4.3467424E-14
  7.5575575E-02  4.3453532E-14
  7.5700700E-02  4.3439380E-14
  7.5825825E-02  4.3424974E-14
  7.5950950E-02  4.3410310E-14
  7.6076075E-02  4.3395392E-14
  7.6201200E-02  4.3380220E-14
  7.6326326E-02  4.3364797E-14
  7.6451451E-02  4.3349117E-14
  7.6576576E-02  4.3333186E-14
  7.6701701E-02  4.3317004E-14
  7.6826826E-02  4.3300568E-14
  7.6951951E-02  4.3283885E-14
  7.7077076E-02  4.3266951E-14
  7.7202201E-02  4.3249770E-14
  7.7327326E-02  4.3232338E-14
  7.7452451E-02  4.3214659E-14
  7.7577576E-02  4.3196732E-14
  7.7702701E-02  4.3178562E-14
  7.7827826E-02  4.3160144E-14
  7.7952951E-02  4.3141482E-14
  7.8078076E-02  4.3122573E-14
  7.8203201E-02  4.3103423E-14
  7.8328326E-02  4.3084029E-14
  7.8453451E-02  4.3064395E-14
  7.8578576E-02  4.3044517E-14
  7.8703701E-02  4.3024398E-14
  7.8828827E-02  4.3004042E-14
  7.8953952E-02  4.2983442E-14
  7.9079077E-02  4.2962609E-14
  7.9204202E-02  4.2941531E-14
  7.9329327E-02  4.2920220E-14
  7.9454452E-02  4.2898671E-14
  7.9579577E-02  4.2876889E-14
  7.9704702E-02  4.2854870E-14
  7.9829827E-02  4.2832613E-14
  7.9954952E-02  4.2810126E-14
  8.0080077E-02  4.2787405E-14
  8.0205202E-02  4.2764451E-14
  8.0330327E-02  4.2741266E-14
  8.0455452E-02  4.2717850E-14
  8.0580577E-02  4.2694204E-14
  8.0705702E-02  4.2670328E-14
  8.0830827E-02  4.2646222E-14
  8.0955952E-02  4.2621888E-14
  8.1081077E-02  4.2597328E-14
  8.1206203E-02  4.2572540E-14
  8.1331335E-02  4.2547529E-14
  8.1456460E-02  4.2522291E-14
  8.1581585E-02  4.2496829E-14
  8.1706710E-02  4.2471140E-14
  8.1831835E-02  4.2445231E-14
  8.1956960E-02  4.2419098E-14
  8.2082085E-02  4.2392745E-14
  8.2207210E-02  4.2366172E-14
  8.2332335E-02  4.2339376E-14
  8.2457460E-02  4.2312362E-14
  8.2582586E-02  4.2285132E-14
  8.2707711E-02  4.2257681E-14
  8.2832836E-02  4.2230013E-14
  8.2957961E-02  4.2202129E-14
  8.3083086E-02  4.2174028E-14
  8.3208211E-02  4.2145713E-14
  8.3333336E-02  4.2117185E-14
  8.3458461E-02  4.2088444E-14
  8.3583586E-02  4.2059489E-14
  8.3708711E-02  4.2030324E-14
  8.3833836E-02  4.2000945E-14
  8.3958961E-02  4.1971357E-14
  8.4084086E-02  4.1941558E-14
  8.4209211E-02  4.1911549E-14
  8.4334336E-02  4.1881334E-14
  8.4459461E-02  4.1850912E-14
  8.4584586E-02  4.1820283E-14
  8.4709711E-02  4.1789448E-14
  8.4834836E-02  4.1758409E-14
  8.4959961E-02  4.1727164E-14
  8.5085087E-02  4.1695715E-14
  8.5210212E-02  4.1664063E-14
  8.5335337E-02  4.1632211E-14
  8.5460462E-02  4.1600156E-14
  8.5585587E-02  4.1567901E-14
  8.5710712E-02  4.1535446E-14
  8.5835837E-02  4.1502792E-14
  8.5960962E-02  4.1469940E-14
  8.6086087E-02  4.1436889E-14
  8.6211212E-02  4.1403641E-14
  8.6336337E-02  4.1370200E-14
  8.6461462E-02  4.1336563E-14
  8.6586587E-02  4.1302729E-14
  8.6711712E-02  4.1268702E-14
  8.6836837E-02  4.1234485E-14
  8.6961962E-02  4.1200076E-14
  8.7087087E-02  4.1165473E-14
  8.7212212E-02  4.1130680E-14
  8.7337337E-02  4.1095697E-14
  8.7462462E-02  4.1060525E-14
  8.7587588E-02  4.1025163E-14
  8.7712713E-02  4.0989618E-14
  8.7837838E-02  4.0953884E-14
  8.7962963E-02  4.0917963E-14
  8.8088088E-02  4.0881859E-14
  8.8213213E-02  4.0845569E-14
  8.8338338E-02  4.0809095E-14
  8.8463463E-02  4.0772439E-14
  8.8588588E-02  4.0735603E-14
  8.8713713E-02  4.0698585E-14
  8.8838838E-02  4.0661383E-14
  8.8963963E-02  4.0624005E-14
  8.9089088E-02  4.0586448E-14
  8.9214213E-02  4.0548711E-14
  8.9339338E-02  4.0510797E-14
  8.9464463E-02  4.0472708E-14
  8.9589588E-02  4.0434442E-14
  8.9714713E-02  4.0396004E-14
  8.9839838E-02  4.0357390E-14
  8.9964963E-02  4.0318599E-14
  9.0090089E-02  4.0279639E-14
  9.0215214E-02  4.0240509E-14
  9.0340339E-02  4.0201204E-14
  9.0465464E-02  4.0161732E-14
  9.0590589E-02  4.0122087E-14
  9.0715714E-02  4.0082277E-14
  9.0840839E-02  4.0042297E-14
  9.0965964E-02  4.0002151E-14
  9.1091089E-02  3.9961839E-14
  9.1216214E-02  3.9921361E-14
  9.1341339E-02  3.9880717E-14
  9.1466464E-02  3.9839910E-14
  9.1591589E-02  3.9798941E-14
  9.1716714E-02  3.9757809E-14
  9.1841839E-02  3.9716518E-14
  9.1966964E-02  3.9675061E-14
  9.2092089E-02  3.9633447E-14
  9.2217214E-02  3.9591675E-14
  9.2342339E-02  3.9549744E-14
  9.2467465E-02  3.9507653E-14
  9.2592590E-02  3.9465410E-14
  9.2717715E-02  3.9423007E-14
  9.2842840E-02  3.9380449E-14
  9.2967965E-02  3.9337738E-14
  9.3093090E-02  3.9294875E-14
  9.3218215E-02  3.9251856E-14
  9.3343340E-02  3.9208688E-14
  9.3468465E-02  3.9165367E-14
  9.3593590E-02  3.9121894E-14
  9.3718715E-02  3.9078275E-14
  9.3843848E-02  3.9034504E-14
  9.3968973E-02  3.8990587E-14
  9.4094098E-02  3.8946524E-14
  9.4219223E-02  3.8902312E-14
  9.4344348E-02  3.8857955E-14
  9.4469473E-02  3.8813452E-14
  9.4594598E-02  3.8768806E-14
  9.4719723E-02  3.8724019E-14
  9.4844848E-02  3.8679089E-14
  9.4969973E-02  3.8634013E-14
  9.5095098E-02  3.8588802E-14
  9.5220223E-02  3.8543448E-14
  9.5345348E-02  3.8497952E-14
  9.5470473E-02  3.8452321E-14
  9.5595598E-02  3.8406554E-14
  9.5720723E-02  3.8360648E-14
  9.5845848E-02  3.8314604E-14
  9.5970973E-02  3.8268427E-14
  9.6096098E-02  3.8222114E-14
  9.6221223E-02  3.8175670E-14
  9.6346349E-02  3.8129090E-14
  9.6471474E-02  3.8082381E-14
  9.6596599E-02  3.8035537E-14
  9.6721724E-02  3.7988564E-14
  9.6846849E-02  3.7941462E-14
  9.6971974E-02  3.7894231E-14
  9.7097099E-02  3.7846872E-14
  9.7222224E-02  3.7799384E-14
  9.7347349E-02  3.7751771E-14
  9.7472474E-02  3.7704032E-14
  9.7597599E-02  3.7656168E-14
  9.7722724E-02  3.7608178E-14
  9.7847849E-02  3.7560067E-14
  9.7972974E-02  3.7511830E-14
  9.8098099E-02  3.7463474E-14
  9.8223224E-02  3.7414997E-14
  9.8348349E-02  3.7366398E-14
  9.8473474E-02  3.7317680E-14
  9.8598599E-02  3.7268843E-14
  9.8723724E-02  3.7219891E-14
  9.8848850E-02  3.7170818E-14
  9.8973975E-02  3.7121632E-14
  9.9099100E-02  3.7072328E-14
  9.9224225E-02  3.7022909E-14
  9.9349350E-02  3.6973378E-14
  9.9474475E-02  3.6923731E-14
  9.9599600E-02  3.6873973E-14
  9.9724725E-02  3.6824103E-14
  9.9849850E-02  3.6774125E-14
  9.9974975E-02  3.6724035E-14
  0.1001001      3.6673833E-14
  0.1002252      3.6623526E-14
  0.1003504      3.6573111E-14
  0.1004755      3.6522587E-14
  0.1006006      3.6471958E-14
  0.1007257      3.6421221E-14
  0.1008509      3.6370382E-14
  0.1009760      3.6319438E-14
  0.1011011      3.6268392E-14
  0.1012262      3.6217242E-14
  0.1013514      3.6165993E-14
  0.1014765      3.6114642E-14
  0.1016016      3.6063190E-14
  0.1017267      3.6011640E-14
  0.1018519      3.5959991E-14
  0.1019770      3.5908244E-14
  0.1021021      3.5856399E-14
  0.1022272      3.5804459E-14
  0.1023524      3.5752424E-14
  0.1024775      3.5700294E-14
  0.1026026      3.5648069E-14
  0.1027277      3.5595753E-14
  0.1028529      3.5543342E-14
  0.1029780      3.5490840E-14
  0.1031031      3.5438249E-14
  0.1032282      3.5385567E-14
  0.1033534      3.5332797E-14
  0.1034785      3.5279935E-14
  0.1036036      3.5226989E-14
  0.1037287      3.5173955E-14
  0.1038539      3.5120832E-14
  0.1039790      3.5067625E-14
  0.1041041      3.5014333E-14
  0.1042292      3.4960960E-14
  0.1043544      3.4907498E-14
  0.1044795      3.4853959E-14
  0.1046046      3.4800335E-14
  0.1047297      3.4746630E-14
  0.1048549      3.4692847E-14
  0.1049800      3.4638982E-14
  0.1051051      3.4585040E-14
  0.1052302      3.4531019E-14
  0.1053554      3.4476921E-14
  0.1054805      3.4422748E-14
  0.1056056      3.4368497E-14
  0.1057307      3.4314172E-14
  0.1058559      3.4259772E-14
  0.1059810      3.4205298E-14
  0.1061061      3.4150752E-14
  0.1062312      3.4096132E-14
  0.1063564      3.4041444E-14
  0.1064815      3.3986682E-14
  0.1066066      3.3931852E-14
  0.1067317      3.3876954E-14
  0.1068569      3.3821985E-14
  0.1069820      3.3766952E-14
  0.1071071      3.3711847E-14
  0.1072322      3.3656678E-14
  0.1073574      3.3601445E-14
  0.1074825      3.3546147E-14
  0.1076076      3.3490781E-14
  0.1077327      3.3435355E-14
  0.1078579      3.3379868E-14
  0.1079830      3.3324316E-14
  0.1081081      3.3268703E-14
  0.1082332      3.3213029E-14
  0.1083584      3.3157298E-14
  0.1084835      3.3101505E-14
  0.1086086      3.3045656E-14
  0.1087337      3.2989748E-14
  0.1088589      3.2933786E-14
  0.1089840      3.2877763E-14
  0.1091091      3.2821690E-14
  0.1092342      3.2765559E-14
  0.1093594      3.2709373E-14
  0.1094845      3.2653134E-14
  0.1096096      3.2596843E-14
  0.1097347      3.2540502E-14
  0.1098599      3.2484107E-14
  0.1099850      3.2427664E-14
  0.1101101      3.2371167E-14
  0.1102352      3.2314625E-14
  0.1103604      3.2258033E-14
  0.1104855      3.2201394E-14
  0.1106106      3.2144707E-14
  0.1107357      3.2087973E-14
  0.1108609      3.2031195E-14
  0.1109860      3.1974369E-14
  0.1111111      3.1917502E-14
  0.1112362      3.1860589E-14
  0.1113614      3.1803634E-14
  0.1114865      3.1746639E-14
  0.1116116      3.1689600E-14
  0.1117367      3.1632520E-14
  0.1118619      3.1575399E-14
  0.1119870      3.1518242E-14
  0.1121121      3.1461043E-14
  0.1122372      3.1403808E-14
  0.1123624      3.1346535E-14
  0.1124875      3.1289224E-14
  0.1126126      3.1231877E-14
  0.1127377      3.1174495E-14
  0.1128629      3.1117077E-14
  0.1129880      3.1059624E-14
  0.1131131      3.1002141E-14
  0.1132382      3.0944624E-14
  0.1133634      3.0887073E-14
  0.1134885      3.0829492E-14
  0.1136136      3.0771880E-14
  0.1137387      3.0714238E-14
  0.1138639      3.0656565E-14
  0.1139890      3.0598865E-14
  0.1141141      3.0541138E-14
  0.1142392      3.0483381E-14
  0.1143644      3.0425596E-14
  0.1144895      3.0367788E-14
  0.1146146      3.0309953E-14
  0.1147397      3.0252093E-14
  0.1148649      3.0194207E-14
  0.1149900      3.0136301E-14
  0.1151151      3.0078367E-14
  0.1152402      3.0020413E-14
  0.1153654      2.9962439E-14
  0.1154905      2.9904441E-14
  0.1156156      2.9846422E-14
  0.1157407      2.9788387E-14
  0.1158659      2.9730331E-14
  0.1159910      2.9672255E-14
  0.1161161      2.9614162E-14
  0.1162412      2.9556053E-14
  0.1163664      2.9497922E-14
  0.1164915      2.9439779E-14
  0.1166166      2.9381621E-14
  0.1167417      2.9323447E-14
  0.1168669      2.9265259E-14
  0.1169920      2.9207058E-14
  0.1171171      2.9148843E-14
  0.1172422      2.9090615E-14
  0.1173674      2.9032376E-14
  0.1174925      2.8974124E-14
  0.1176176      2.8915865E-14
  0.1177427      2.8857593E-14
  0.1178679      2.8799313E-14
  0.1179930      2.8741024E-14
  0.1181181      2.8682724E-14
  0.1182432      2.8624418E-14
  0.1183684      2.8566108E-14
  0.1184935      2.8507788E-14
  0.1186186      2.8449465E-14
  0.1187437      2.8391133E-14
  0.1188689      2.8332800E-14
  0.1189940      2.8274461E-14
  0.1191191      2.8216119E-14
  0.1192442      2.8157774E-14
  0.1193694      2.8099427E-14
  0.1194945      2.8041077E-14
  0.1196196      2.7982728E-14
  0.1197447      2.7924376E-14
  0.1198699      2.7866025E-14
  0.1199950      2.7807675E-14
  0.1201201      2.7749326E-14
  0.1202452      2.7690977E-14
  0.1203704      2.7632632E-14
  0.1204955      2.7574290E-14
  0.1206206      2.7515952E-14
  0.1207457      2.7457617E-14
  0.1208709      2.7399286E-14
  0.1209960      2.7340960E-14
  0.1211211      2.7282640E-14
  0.1212462      2.7224327E-14
  0.1213714      2.7166020E-14
  0.1214965      2.7107719E-14
  0.1216216      2.7049428E-14
  0.1217467      2.6991144E-14
  0.1218719      2.6932869E-14
  0.1219970      2.6874604E-14
  0.1221221      2.6816350E-14
  0.1222472      2.6758105E-14
  0.1223724      2.6699871E-14
  0.1224975      2.6641649E-14
  0.1226226      2.6583440E-14
  0.1227477      2.6525243E-14
  0.1228729      2.6467059E-14
  0.1229980      2.6408888E-14
  0.1231231      2.6350733E-14
  0.1232482      2.6292592E-14
  0.1233734      2.6234465E-14
  0.1234985      2.6176356E-14
  0.1236236      2.6118263E-14
  0.1237487      2.6060187E-14
  0.1238739      2.6002126E-14
  0.1239990      2.5944086E-14
  0.1241241      2.5886062E-14
  0.1242492      2.5828059E-14
  0.1243744      2.5770074E-14
  0.1244995      2.5712109E-14
  0.1246246      2.5654165E-14
  0.1247497      2.5596241E-14
  0.1248749      2.5538340E-14
  0.1250000      2.5480460E-14
